500
0 -13 -5 4 0 0 0
10 1 4 9 0 0 0
-14 -10 -18 10 0 0 0
14 -17 21 25 0 0 0
-16 -24 19 12 0 0 0
8 -10 -13 14 -1 1 3
13 -20 -13 16 0 0 0
4 23 1 3 0 0 0
-14 25 -11 22 4 1 -1
-12 -20 -7 3 0 0 0
-6 -15 24 18 0 0 0
-8 15 -11 25 0 0 0
12 5 -17 9 0 0 0
3 -25 19 8 0 0 0
23 19 -20 10 0 0 0
-9 10 0 14 0 0 0
-17 -14 -18 5 0 0 0
-6 -6 23 25 5 5 -2
-21 11 22 5 0 0 0
19 4 18 6 0 0 0
1 -20 14 22 -4 0 0
19 19 15 16 4 4 3
-5 -20 -22 10 0 0 0
-4 21 -7 13 0 0 0
-12 14 6 20 0 0 0
5 -6 -23 9 0 0 0
-25 -10 -13 19 4 -2 3
25 24 1 1 0 0 0
-22 1 18 11 4 -3 -3
10 -9 -17 4 5 -2 0
12 22 7 8 4 1 -3
24 -7 -24 4 3 -2 -3
-4 -14 -18 11 0 0 0
20 9 22 12 5 -3 2
-11 -7 12 18 0 0 0
3 20 -8 10 0 0 0
7 -14 3 1 0 -5 2
-7 20 -8 15 0 0 0
-14 -2 -20 3 5 -2 -4
19 -20 25 4 0 0 0
-15 6 14 21 0 0 0
16 -23 -21 24 -5 -2 1
5 -13 -7 12 -1 5 0
-20 6 5 4 0 0 0
20 21 19 24 4 -1 5
-18 3 -7 24 -5 3 2
-19 -19 -12 19 -1 -5 1
15 9 -16 21 0 0 0
-11 -17 8 19 2 -3 -2
20 0 -11 16 0 0 0
23 -24 -7 2 5 5 -5
-12 8 22 16 -5 -3 0
-5 8 -10 10 0 0 0
21 -3 -25 4 2 -2 0
9 -10 20 14 2 0 -4
3 -12 -12 10 0 0 0
4 -23 21 12 0 0 0
9 13 12 23 -5 -1 -1
19 9 -12 2 -2 -2 -1
-1 -8 -1 4 0 0 0
-20 -24 5 23 0 0 0
-4 20 10 14 0 0 0
21 11 1 18 -4 5 5
-5 -10 20 14 0 0 0
14 8 4 1 0 0 0
20 -12 11 2 1 -4 1
8 18 24 2 0 0 0
21 -13 -7 15 1 -1 -5
5 -24 -3 19 0 0 0
-8 17 -20 21 -5 -1 -2
24 -22 22 19 -3 -4 2
13 7 -13 17 0 0 0
-11 -24 -4 16 0 0 0
5 3 -1 11 0 0 0
-6 -25 13 24 -1 -2 -5
21 11 21 3 0 0 0
-17 -6 4 14 0 0 0
3 -10 11 4 3 -3 0
-5 9 0 3 0 0 0
22 -17 24 23 1 -2 5
12 6 -6 14 0 0 0
-25 3 -10 6 4 -3 -3
4 -21 -20 23 -5 1 5
-25 22 11 21 0 0 0
-21 12 10 13 0 0 0
18 24 -3 14 0 0 0
15 13 -14 7 -1 -4 5
-25 21 -17 19 4 0 5
15 -18 25 3 0 0 0
-16 -22 -19 9 2 1 -5
-25 -6 -23 10 0 0 0
1 19 4 21 0 0 0
17 -12 -10 2 0 0 0
6 1 -7 1 4 0 4
18 -10 -8 24 0 0 0
-21 16 19 20 0 0 0
-22 -12 13 20 0 0 0
20 3 18 20 0 0 0
-24 -3 22 3 -4 2 -4
-19 11 -21 2 0 0 0
-5 -13 11 11 0 0 0
15 -5 14 3 0 0 0
-1 11 -15 14 0 2 5
-23 -8 20 24 4 -5 -4
-24 24 -24 6 0 -4 -3
-20 -19 8 24 -2 -1 0
-7 12 -17 5 -5 2 -2
21 22 5 8 0 0 0
-18 15 18 7 3 -2 3
-15 10 -17 1 0 0 0
-23 22 -24 11 0 0 0
-6 8 -10 2 4 -1 3
-10 -18 5 14 -5 1 5
11 -14 -1 1 0 0 0
15 0 9 19 2 1 -3
-19 14 8 16 0 0 0
25 7 18 4 0 0 0
-3 18 -5 5 0 0 0
18 -13 13 10 3 1 1
18 15 -15 25 3 0 2
7 9 -4 18 0 0 0
19 0 -24 1 0 0 0
-10 12 -3 5 -4 2 0
-15 -21 25 16 0 0 0
3 13 -4 5 0 0 0
-14 -20 -2 7 0 0 0
25 22 13 7 0 0 0
11 9 7 9 -2 3 0
8 2 17 1 -3 -3 0
-18 2 5 2 -1 -4 -3
5 -19 13 13 0 0 0
-13 21 22 2 -2 -3 3
-20 -4 0 21 -5 2 3
11 24 7 21 0 0 0
15 22 -15 6 2 0 -1
-22 -13 -12 13 -5 -4 5
18 -24 10 14 0 0 0
1 8 -19 4 0 0 0
-24 24 -7 24 0 0 0
-3 -12 17 16 -2 0 5
-10 6 -18 24 0 0 0
4 -20 18 3 -4 0 2
8 17 22 13 0 0 0
-1 -21 -19 7 0 0 0
4 -9 -13 10 0 0 0
23 4 -15 4 0 0 0
22 -16 -24 17 4 -4 1
-3 -14 8 3 2 0 -2
-14 16 -23 4 0 0 0
14 3 21 20 0 0 0
0 17 -12 25 -3 2 -3
3 -19 -3 10 -3 -3 -1
-4 11 13 8 0 0 0
12 -10 5 4 3 -2 2
25 23 -9 15 -1 2 -4
5 6 22 6 0 0 0
-5 -18 25 19 0 0 0
-20 13 16 13 -2 2 5
18 -18 -7 12 1 -1 1
7 9 22 17 0 -1 1
16 -11 13 2 0 0 0
-21 13 -9 15 1 1 4
11 24 -13 24 3 -3 -2
16 -21 -14 5 0 0 0
25 -18 15 16 0 0 0
9 24 22 18 -3 5 2
12 5 -19 3 0 0 0
-19 0 -12 24 0 0 0
0 -8 2 18 0 0 0
-17 14 16 12 2 -2 0
6 -1 24 20 0 0 0
19 17 2 3 3 -3 5
0 23 -17 23 5 -5 2
15 -23 -10 25 0 0 0
-12 15 3 7 -2 4 5
0 -21 20 13 0 0 0
24 22 -4 18 0 -2 4
-13 -22 -18 18 -5 2 0
-24 -23 23 15 0 0 0
-2 11 6 18 3 4 2
-7 18 18 14 0 0 0
22 -13 25 12 0 0 0
7 12 17 8 0 0 0
-15 -17 -16 20 0 0 0
-11 25 -22 5 0 0 0
-13 -19 8 10 2 -3 2
1 0 14 7 5 -1 0
-2 -2 -13 16 -1 -3 -4
11 19 25 4 0 0 0
13 -12 17 4 -4 0 -5
0 14 21 11 0 0 0
14 6 -2 12 0 0 0
-20 21 -5 18 -1 3 -5
-14 -21 -1 12 0 0 0
-12 1 10 21 0 0 0
15 0 -20 19 0 0 0
-9 -25 -25 1 0 0 0
-13 8 13 22 0 0 0
1 -20 13 19 5 -3 2
16 19 8 10 0 4 -4
19 -19 17 13 0 0 0
-24 -13 -3 8 0 0 0
-10 -5 15 8 -1 -4 4
-10 13 -11 18 0 0 0
-25 5 19 6 2 -4 1
-6 19 -15 11 0 0 0
-20 16 12 1 -1 -3 -4
-19 5 -7 15 -3 0 5
4 -11 -4 16 2 -5 2
-21 -1 -20 9 0 5 3
18 -6 6 5 0 0 0
25 -5 11 1 2 -3 -5
15 -21 -19 3 0 0 0
16 7 18 5 2 -2 0
13 -15 -23 7 -1 -3 3
-24 -23 0 17 0 -2 3
11 -18 -9 2 -2 -5 1
19 -1 -20 2 0 0 0
4 -11 8 10 -5 3 1
-20 -24 -15 14 0 0 0
10 15 -23 24 3 4 -4
-14 12 21 22 -3 0 -3
-11 -7 3 18 0 0 0
-22 14 -17 1 0 0 0
16 0 19 20 0 0 0
20 -16 -4 5 0 0 0
-2 6 18 21 0 0 0
-14 -8 -19 20 0 0 0
-18 -16 -19 9 0 0 0
2 -23 22 11 0 3 3
-3 -11 -10 19 0 -1 -1
15 10 -6 7 5 0 0
20 -7 -5 3 0 0 0
11 -14 -20 5 0 0 0
13 -18 13 4 0 -3 2
24 10 -17 3 -4 -4 -2
-20 7 22 14 -1 -1 4
-6 -22 -8 10 2 -1 -1
8 -15 22 12 0 0 0
-13 12 10 18 -1 0 0
-22 11 16 17 0 0 0
4 -22 -19 18 0 4 -4
-9 12 -10 21 1 -1 0
17 -9 2 1 0 0 0
-23 12 20 18 -1 -5 -3
-8 2 -20 16 0 0 0
12 23 -6 2 0 0 0
4 12 18 22 3 0 0
-14 -11 -23 10 0 0 0
-24 6 22 25 0 0 0
-25 -17 -1 18 0 0 0
6 9 -4 20 -1 1 -4
20 21 17 4 0 0 0
-8 -20 -3 21 1 2 2
0 10 -16 3 0 0 0
18 25 -17 4 0 0 0
10 15 18 15 -1 3 2
-9 22 -18 13 -2 -3 -5
-3 -11 -18 9 -1 -3 -4
-14 -11 6 8 0 0 0
12 10 24 8 -2 -3 1
1 17 -15 10 -2 -1 1
-4 25 22 12 0 0 0
-6 -7 21 1 -4 -4 1
6 2 2 11 0 0 -4
-25 -18 15 7 -1 -2 4
-24 20 14 21 0 0 0
10 6 -6 20 -5 2 0
3 -11 10 25 0 0 0
-20 18 -13 12 2 5 1
-20 17 2 9 1 0 3
11 -7 -5 5 0 0 0
-5 23 14 6 0 0 0
25 25 1 24 0 0 0
10 15 -5 3 -5 1 0
-14 9 -18 20 0 0 0
8 2 -14 16 0 0 0
-25 3 10 3 -2 -1 -5
0 5 -12 1 3 1 5
-11 -15 -7 13 0 0 0
-23 16 1 5 0 0 0
-4 -25 -1 4 -3 0 5
-19 2 -14 2 0 -2 5
-21 8 5 3 -1 2 0
-9 -25 16 8 1 2 5
22 10 -25 13 4 5 0
15 -25 -6 7 0 0 0
1 -21 14 5 0 -2 0
22 17 -15 25 -5 2 1
-12 12 8 1 0 -5 -4
-20 -8 -11 11 5 -1 0
0 -23 0 2 2 0 -2
-9 14 23 8 0 0 0
14 1 0 3 -3 -3 5
4 14 8 17 -1 5 1
-11 -22 22 9 4 1 3
-2 5 -7 4 0 0 0
13 -9 24 18 0 0 0
0 -24 -3 11 -5 -2 -3
10 4 3 17 1 5 0
10 -19 -1 9 0 0 0
-15 -6 6 7 0 0 0
14 17 17 3 2 -4 -3
20 -13 17 11 0 0 0
8 -13 11 8 -5 0 0
-17 -1 21 17 0 0 0
11 -9 3 6 0 0 0
-21 22 -23 20 0 0 0
21 -22 6 1 0 0 0
-25 17 15 19 0 0 0
-3 17 -16 21 0 0 0
2 -15 21 17 0 0 0
-6 18 10 7 0 0 0
-21 -3 -22 3 0 0 0
-4 -23 -21 19 0 0 0
12 16 5 19 0 0 0
-12 -7 -16 10 5 -2 4
-22 -8 23 16 0 0 0
-14 24 4 10 0 0 0
-23 -25 14 18 0 0 0
15 -5 6 4 -2 -1 5
-8 -10 -14 11 0 3 -3
12 2 -15 19 0 0 0
-15 -1 -4 5 4 -2 -1
-7 21 23 24 0 0 0
25 14 -6 18 0 0 0
-24 16 1 20 4 0 -3
-4 -17 0 4 0 0 0
-22 -6 9 25 2 -2 -3
12 -10 22 4 0 0 0
-4 -11 -14 6 3 -5 -4
-10 15 -9 6 0 0 0
-14 14 1 19 0 0 0
6 -18 -21 20 0 0 0
17 21 -24 14 0 0 0
-19 3 -14 16 -3 5 0
12 -4 -20 18 0 0 0
-20 -5 -24 3 -4 2 -5
4 -24 -23 15 -2 3 -5
10 4 4 7 0 0 -1
6 19 -4 21 3 -2 1
23 -14 -5 3 -2 4 -1
-23 -25 -3 8 0 0 0
-19 -10 -25 16 3 -2 0
9 -19 -9 3 0 4 -2
1 7 -21 4 0 0 0
25 -11 22 18 5 3 4
-12 -18 25 5 1 -5 2
-3 25 1 13 -5 -1 0
-9 -12 10 11 2 -2 -3
-16 7 -13 20 -4 -4 -2
8 -1 12 4 -1 0 1
10 13 1 9 0 0 0
6 -11 -25 6 0 0 0
4 17 18 13 0 5 2
1 -3 -7 18 0 -4 5
-10 6 5 6 2 2 -2
3 -21 -1 6 1 -5 -5
-7 5 12 1 3 1 3
5 -3 -15 14 0 0 0
7 -24 6 8 0 0 0
12 3 9 10 0 0 0
-11 -18 12 4 0 0 0
16 -15 -16 17 0 0 0
24 13 18 23 5 2 4
11 -9 8 2 1 -3 0
10 -5 25 7 3 4 -2
-10 -4 -22 15 -5 1 2
-14 -7 -22 7 5 0 4
-17 0 22 15 0 0 0
-7 -3 -22 2 1 -1 1
24 22 -23 1 1 1 1
-12 -2 23 15 0 0 0
13 9 -12 18 0 0 0
7 -4 -6 1 0 0 0
-16 9 16 2 0 0 0
-18 -20 7 25 -5 -5 5
6 23 2 10 0 0 0
12 12 13 18 0 0 0
-4 11 -19 2 -1 1 -2
0 -14 -22 13 0 -5 -2
11 8 -23 1 -4 -5 1
6 -12 22 15 -3 4 2
-20 -10 -23 18 -2 2 -2
6 -12 -21 17 0 0 0
-3 -7 -1 5 -3 -4 1
17 20 11 12 0 0 0
2 -25 11 11 2 2 3
4 21 25 4 3 -4 -1
22 6 16 4 -2 0 4
-21 -23 19 3 0 4 -1
15 -6 -14 13 0 0 0
-17 21 -22 12 0 0 0
6 -17 -5 13 0 0 0
12 4 -12 18 -5 0 -3
-25 -16 3 12 0 0 0
1 8 16 8 -3 2 3
10 8 -10 6 -3 5 -4
-19 -21 14 18 -4 4 4
-25 11 9 13 0 0 0
5 -12 -9 17 3 1 5
3 9 23 7 -2 5 -5
-6 -4 3 19 0 0 0
-17 -22 23 3 0 0 0
3 -18 -22 11 -1 5 -4
24 9 -12 4 0 0 0
-23 -10 -15 4 0 0 0
11 -12 -19 3 5 -4 -2
-12 -3 -12 3 -3 -1 4
-20 -2 14 23 -1 -2 1
-13 -7 3 7 0 0 0
8 8 0 10 0 0 0
9 2 -1 7 -2 3 -3
-11 21 -4 5 3 3 4
-10 -22 -22 15 -2 1 3
20 1 -20 22 0 0 0
-8 14 13 8 2 3 4
13 -20 15 19 0 0 0
-5 -25 -13 2 5 0 -3
17 -13 -24 15 0 0 0
-12 -3 -2 24 -1 0 -2
-11 23 24 8 2 -1 -2
-14 17 -24 12 0 0 0
22 10 4 18 -1 -5 2
9 17 1 10 -5 2 0
-15 23 25 5 0 0 0
19 -11 22 23 2 3 5
-22 -16 -16 1 0 0 0
-21 4 -3 17 -2 -2 -5
-17 7 21 6 2 3 4
10 20 -11 4 0 0 0
24 -12 -19 8 0 0 0
-16 20 3 9 0 0 0
2 -6 -2 16 0 4 0
16 -5 -23 23 0 0 0
-7 17 16 5 2 3 -2
12 20 -10 3 -1 -5 0
-13 -9 -17 5 0 0 0
14 14 -2 13 -1 -4 -1
2 -18 17 10 -4 -3 -1
-5 22 -20 13 0 0 0
1 -19 -13 12 0 0 0
-15 -1 -9 10 0 0 0
13 22 -8 20 0 0 0
-12 -6 17 7 0 0 0
-2 15 25 13 -3 -5 -4
18 -10 -19 21 -1 -5 -5
-24 -12 -6 1 0 0 0
10 -21 15 15 -4 0 -2
16 1 -7 16 0 0 0
-8 -15 24 18 0 0 0
-19 -14 -22 13 0 0 0
4 12 4 11 0 3 2
22 -21 8 19 3 -1 0
9 5 -6 3 -4 -5 -1
-2 -11 21 9 -3 3 5
14 10 -1 2 3 4 4
-11 -2 1 11 1 -1 5
16 7 6 17 0 -5 1
-25 -3 -12 16 -5 -4 -5
9 1 -22 15 0 0 0
14 5 1 4 0 0 0
-15 -23 -10 25 0 4 0
-16 7 18 7 0 0 0
-3 20 7 20 0 0 0
2 -8 -23 5 0 0 0
-7 -7 5 15 0 2 4
-20 23 -19 11 4 1 -2
-20 -12 -20 3 0 0 0
22 -8 7 16 0 0 0
16 -16 -19 20 0 0 0
-21 18 -12 12 -1 0 3
25 -24 -5 8 0 3 -3
-20 13 -5 6 -3 1 -1
-24 15 23 11 0 0 0
-23 -6 -17 1 -3 3 -1
1 -21 -3 16 -3 0 1
-25 -14 -2 9 2 4 1
19 2 12 7 0 0 0
-18 -19 -1 14 3 -2 1
5 19 8 12 0 0 0
-23 -20 2 14 -5 1 -5
-5 6 12 5 -2 0 -5
-10 5 -22 17 0 0 0
-22 3 4 8 0 0 0
-22 11 -18 13 0 0 0
0 14 -24 22 -4 0 -3
-8 -10 12 16 -1 2 -1
-24 21 11 17 -3 -1 4
-1 14 -4 3 0 0 0
3 2 23 24 5 -4 -2
-23 -23 -15 8 -4 -5 5
-23 10 -2 15 0 0 0
7 13 13 18 0 0 0
22 13 -15 6 -3 1 -3
4 -20 19 15 0 0 0
-20 -20 24 4 -1 1 1
7 -20 -15 21 0 0 0
21 6 -11 9 2 1 1
-22 -25 -12 24 -2 1 3
22 -18 19 9 0 0 0
13 -18 -3 10 0 0 0
-5 -21 -7 25 1 -4 1
25 -21 -7 3 2 -4 3
1 4 -25 19 0 0 0
17 -8 -8 4 0 0 0
6 18 -10 4 -1 -3 5
-14 5 -21 16 0 0 0
7 -7 10 3 0 -1 5
-22 17 24 21 3 4 3
-11 13 -6 18 -3 -5 -2
19 12 25 5 0 0 0
7 10 15 11 5 -4 1
-7 22 -2 11 0 0 0
25 5 -23 7 0 0 0
19 8 -1 7 -5 -3 2
14 13 23 11 0 0 0
3 14 -18 19 -2 1 -2
13 -22 15 1 3 1 3
-4 -1 -16 11 0 0 0
-15 -4 19 8 0 0 0
-15 13 22 2 -2 5 4
-20 24 -23 5 0 0 0
-3 0 12 21 -2 -3 -2
18 -19 5 1 4 3 3
18 7 11 17 0 0 0
23 5 17 8 0 0 0
-3 -5 8 16 2 3 2
16 -15 8 8 2 -1 -1
19 15 -22 3 4 -5 -5
-11 9 -9 11 0 0 0
-25 -11 22 9 0 0 0
-22 6 12 13 0 0 0
3 -14 -4 6 0 0 0
-14 -23 -25 3 0 0 0
21 -20 -1 10 4 3 3
9 -8 6 12 2 0 -3
-8 -22 -17 17 0 0 0
-16 -22 -21 9 2 -5 5
-10 10 10 1 0 0 0
-6 -16 13 22 -4 3 -4
9 21 24 14 0 0 0
21 0 14 3 -2 -2 5
-8 -20 -6 2 0 0 0
20 -10 8 11 0 0 0
-24 -6 1 8 0 0 0
-20 14 11 19 0 0 0
23 -25 12 8 -1 2 4
-5 6 -14 9 0 0 0
-18 21 -3 4 0 0 0
10 25 0 2 0 0 0
-14 10 -4 9 0 0 0
-16 13 19 12 0 0 0
-11 -3 -5 16 -1 5 -4
-25 15 19 6 0 0 0
23 -15 14 5 -2 5 -5
8 -25 -9 2 -4 -5 -5
-9 -25 12 21 0 0 0
-11 -5 5 8 0 0 0
-17 14 -6 8 0 0 0
-14 3 5 22 0 0 0
-9 -12 -25 5 4 0 3
-22 25 9 14 -5 0 -1
5 2 -19 15 0 0 0
7 -1 19 7 -2 4 -2
-7 -3 21 1 0 0 0
-15 -13 -17 17 3 -1 -2
22 -3 -4 9 0 0 0
25 17 8 2 5 4 4
9 -12 -8 6 4 5 5
-15 -3 -10 4 0 0 0
-17 -4 22 8 0 0 0
-1 12 22 5 -4 -3 -4
-6 -3 -11 4 0 0 0
-14 6 -3 2 0 0 0
3 22 3 21 -3 0 5
0 -16 -14 6 5 5 4
20 -9 17 4 2 -5 4
1 -17 -2 3 0 0 0
-13 5 -8 10 0 0 0
24 -14 6 24 0 0 0
-7 18 -17 16 0 0 0
11 17 -21 15 -1 2 -4
-12 -5 -7 19 2 -2 0
10 21 25 12 -5 4 -2
9 -8 8 12 0 0 0
11 12 1 13 0 0 0
-21 -13 19 17 2 0 -1
-1 -13 -17 13 0 0 0
-22 2 25 13 3 1 3
-2 -14 7 7 4 -3 -4
-24 -1 -2 7 1 0 -2
-19 21 -6 14 -3 5 -5
8 -24 -11 17 4 -1 -2
-13 12 16 6 0 0 0
16 18 24 3 0 0 0
-20 23 25 11 -2 4 -5
-22 -7 -20 15 5 -5 -3
4 15 -18 18 0 0 0
-9 -19 16 25 -4 0 4
-19 -4 -1 7 0 0 0
-2 24 -7 6 0 0 0
25 23 -9 15 0 0 0
-12 -21 8 12 0 0 0
-7 10 -25 5 0 0 0
23 -1 5 12 5 5 0
-19 -12 1 11 0 0 0
25 5 20 3 -2 -5 4
-4 14 -9 15 0 0 0
18 2 22 19 0 0 0
-18 23 6 15 4 -3 -1
20 20 22 14 0 0 0
-15 18 7 13 0 0 0
-18 -22 -19 5 0 0 0
-17 16 8 19 -5 5 4
11 -17 -14 8 0 0 0
6 -23 -19 1 0 0 0
-24 6 6 17 0 0 0
-20 15 -4 22 5 -1 -2
17 8 18 15 0 0 0
25 -4 -3 2 0 -2 -4
22 7 -18 13 1 1 1
3 5 17 13 0 0 0
3 -14 -24 4 5 -1 -1
25 -17 -8 7 -3 0 3
5 -16 10 14 -2 1 -5
-23 -8 -25 9 0 0 0
-23 24 3 17 0 0 0
22 -9 10 23 0 0 0
6 25 5 9 0 0 0
-18 17 -8 2 0 0 0
10 -25 15 10 -4 5 0
-1 -17 -23 7 0 0 0
-16 -8 5 16 0 0 0
-11 15 -24 6 -5 4 0
14 -21 6 18 3 -5 3
13 15 -9 25 1 0 2
-22 -20 10 7 -4 2 3
22 17 11 13 0 0 0
-24 18 -23 9 0 0 0
17 9 -23 11 0 0 0
14 -3 25 23 0 0 0
2 24 -18 21 0 0 0
23 -5 -3 15 -5 3 -4
-16 -24 12 17 2 3 4
5 18 -5 20 0 0 0
-1 -18 18 13 0 -2 -2
-4 22 -8 17 0 0 0
8 -19 15 17 5 3 0
-18 -12 -22 16 4 -5 -3
11 22 -16 7 -3 3 -2
-2 15 16 11 1 -1 4
-12 21 -5 9 0 0 0
-9 -14 21 18 0 0 0
8 17 -10 17 0 0 0
-15 -10 -20 10 -4 5 -2
23 14 -22 22 0 0 0
-19 8 0 3 -4 -3 5
25 12 -7 6 0 0 0
9 0 2 7 0 0 0
16 -18 6 14 1 1 5
-22 21 -16 7 0 0 0
16 21 11 13 0 0 0
-15 9 -13 1 0 0 0
18 14 11 13 0 0 0
15 9 -15 8 0 0 0
14 3 13 6 5 5 -1
20 19 -8 2 -1 4 -4
14 -11 8 10 0 0 0
-22 18 -1 18 0 0 0
-19 4 22 2 0 0 0
21 -12 20 19 -5 1 4
9 9 -13 2 0 0 0
15 18 18 1 0 0 0
24 15 -2 5 0 0 0
15 -4 -17 12 0 0 0
-16 10 -7 23 -4 -2 -3
14 -22 16 8 0 -3 -2
17 11 -15 14 -1 4 2
-19 24 7 20 0 0 0
-22 18 7 23 0 0 0
11 19 -16 1 -3 0 0
-4 -21 22 5 0 0 0
-23 1 0 20 -1 -1 -2
11 18 1 6 3 1 4
-24 17 -10 3 3 4 3
14 -21 21 14 0 0 0
23 3 -25 14 0 0 0
8 20 5 3 5 0 -3
-12 0 7 13 -2 -5 -1
-2 -10 15 4 -4 -3 4
12 -9 25 12 -5 3 5
-18 -21 -18 13 0 0 0
6 -21 1 2 -1 -2 -3
-3 5 16 14 -4 5 3
23 20 -8 13 1 4 -1
0 -10 16 23 0 5 4
-10 23 -16 17 0 0 0
21 -1 -7 1 0 0 0
23 25 20 25 0 0 0
-18 -21 -20 4 0 0 0
7 4 -8 16 -2 5 -3
23 -12 24 13 0 0 0
-16 21 7 14 0 0 0
-15 15 22 4 1 -1 -5
-1 8 -17 4 0 0 0
-11 17 -6 22 -2 4 -5
3 -7 3 2 5 5 -3
-18 14 15 10 0 0 0
4 -8 -22 23 4 5 4
-22 -11 -20 20 0 0 0
17 20 -15 23 0 0 0
-16 3 25 9 0 0 1
4 18 12 7 -4 1 -4
9 -7 7 7 3 1 5
21 6 -15 17 2 2 -3
-10 -25 -20 18 5 5 -4
-5 -17 13 10 -4 4 0
3 16 3 20 1 -2 2
-24 20 15 2 0 0 0
-4 4 18 23 -4 5 4
22 -23 -5 13 0 0 0
-13 -17 12 10 0 0 0
8 18 5 23 -4 1 5
-7 9 7 23 4 -3 -1
19 22 -21 7 0 -2 -5
14 15 25 3 -4 3 0
-5 -17 -15 12 0 0 0
-19 -24 5 13 -2 -4 1
5 12 17 6 5 0 -1
22 22 21 8 5 -4 -5
12 18 -15 16 0 -5 2
11 22 -3 14 2 3 1
-21 3 -14 1 -5 5 1
-21 -5 -17 4 -2 -4 -2
-25 -8 17 25 2 -3 -4
-22 -15 3 11 -2 -2 3
18 -5 -7 21 0 0 0
7 -7 -13 12 4 -3 0
-20 -23 -8 7 0 4 -1
4 6 0 10 -5 4 -1
16 -19 24 17 -3 -4 -1
4 4 -2 8 1 1 2
17 13 22 14 4 4 4
5 -13 -20 8 0 0 0
-13 24 1 25 0 0 0
-18 12 11 11 3 0 3
6 14 -13 14 0 0 0
-18 -24 -23 14 1 -5 -3
-24 25 8 3 -2 -3 2
-15 -20 18 16 0 0 0
17 -2 6 4 4 1 0
22 6 -5 20 0 0 0
-14 -1 24 7 0 0 0
13 4 18 16 -3 1 3
-25 6 -6 19 -3 0 0
-20 9 17 23 0 0 0
5 -17 -24 8 1 4 -4
-10 -24 24 8 0 0 0
7 -19 -4 3 0 0 0
19 -19 19 6 -2 4 5
-7 -14 -17 19 0 0 0
-17 -14 -9 2 5 -5 3
-25 15 -20 6 0 0 0
24 -10 14 16 0 0 0
21 13 -16 7 0 0 0
8 -24 21 15 5 -4 0
-8 -19 -10 14 0 0 0
-19 15 -25 8 0 0 0
11 23 -21 16 0 0 0
19 -15 -10 9 0 0 0
-6 -24 -18 11 0 0 0
-10 25 16 1 -4 -1 -3
12 22 18 17 0 0 0
-2 -12 12 4 -4 -3 -1
13 25 5 10 0 0 0
8 -11 11 15 2 -2 -1
0 -20 -3 3 0 0 0
-12 -20 1 5 0 0 0
10 25 21 2 0 1 2
-25 -9 -8 6 0 0 0
-9 -7 24 3 0 0 0
5 -24 -12 16 -5 5 1
-16 -11 6 11 -4 3 4
13 -23 20 19 0 0 0
2 -11 -24 21 0 4 1
-11 6 22 3 0 0 0
-4 5 -25 21 3 1 0
25 9 25 8 5 2 -1
5 23 2 19 4 -5 -5
-6 -18 21 21 0 0 0
7 18 16 16 0 0 0
-18 -24 23 21 0 0 0
21 14 -9 1 0 0 0
-13 21 21 8 0 0 0
-14 -14 5 12 -2 -4 5
-5 -23 -7 5 0 0 0
-20 20 21 19 2 -1 4
1 10 -24 22 3 3 1
-11 -5 8 7 0 0 0
-9 -23 23 8 -2 -1 -4
-20 22 8 10 0 0 0
23 16 6 14 -1 1 -5
-12 17 -19 9 0 0 0
11 -21 22 11 0 -3 5
-11 -16 -12 12 0 0 0
1 -9 19 8 0 0 0
11 -19 24 2 0 0 0
15 -18 0 2 0 0 0
5 -9 20 19 -2 -5 -3
-9 24 11 17 0 0 0
-25 -7 -11 20 4 5 2
-15 13 -10 9 -4 5 2
19 -2 2 1 0 0 0
17 -22 1 21 0 0 0
9 10 -21 10 4 2 5
-18 -16 5 21 0 0 0
10 24 6 25 0 0 0
-23 -1 -10 15 3 -2 -4
5 -11 15 8 -1 -2 3
10 -22 -12 22 0 0 0
25 5 19 11 0 0 0
4 10 15 2 0 0 0
-22 -4 -9 8 0 0 0
-16 -23 12 3 -1 3 -5
-13 -19 -17 12 -5 -2 -3
4 -12 -24 19 0 2 -1
9 23 -23 6 -5 -3 1
-14 20 -16 8 0 0 0
-2 24 3 8 0 0 0
-24 16 -9 8 0 -2 5
-2 -25 23 10 0 0 0
-10 -2 3 9 2 -2 0
-17 15 16 5 0 0 0
12 5 -23 2 -4 3 0
-12 -20 -4 19 4 1 -1
16 25 11 2 -2 5 -1
-12 -9 2 25 0 0 0
9 -20 -8 15 -5 4 3
21 5 16 19 0 0 0
6 2 -25 21 0 0 0
-3 -21 -8 2 0 0 0
2 2 -11 25 0 0 0
-21 3 25 11 0 0 0
-7 -21 -5 5 0 0 0
-12 0 0 14 2 3 3
-7 20 22 6 0 0 0
-8 -3 -6 11 0 0 0
25 16 -17 3 0 0 0
14 8 -11 8 2 1 -2
4 17 12 2 -2 -5 -1
-1 -19 -21 19 -3 -1 -5
10 -20 4 17 5 3 -4
-23 -3 3 12 4 4 -5
-13 -23 15 9 0 0 0
-20 -5 8 1 0 3 5
4 25 -5 1 0 0 0
6 -11 18 4 0 0 0
-3 20 25 5 0 0 0
21 4 6 24 0 0 0
-7 7 13 22 -1 4 -4
8 -22 -9 7 0 0 0
0 23 15 7 0 0 0
-1 -23 0 23 2 4 1
-5 14 -9 10 0 0 0
-16 -12 -2 5 0 0 0
-7 7 24 25 0 0 0
25 -14 2 12 0 0 0
0 -22 -19 3 0 0 0
-4 -6 -16 1 -3 5 -5
-6 1 17 4 5 2 -2
25 20 -25 3 -2 -1 3
-11 -12 2 7 0 -2 2
7 2 15 16 3 -3 -5
-5 -23 -1 15 0 4 0
-21 9 -23 4 0 0 0
-7 -5 -11 9 -2 -3 2
25 -6 -2 21 0 0 0
-6 18 7 11 -3 1 -5
21 6 16 1 0 0 0
-11 -22 -16 6 0 0 0
-18 -22 25 17 0 0 0
-15 21 18 25 2 -1 0
21 22 -2 2 5 -2 -5
-18 -22 -4 15 0 0 0
7 -4 5 9 -5 0 0
19 11 -22 25 -3 -5 -2
1 13 19 5 4 0 2
11 -20 6 20 0 0 0
17 25 4 10 1 5 1
1 -16 12 13 0 0 0
-18 12 -5 17 3 2 1
-18 -4 -3 21 0 0 0
24 3 -15 12 -3 -5 3
-11 5 12 14 2 -4 -3
17 12 -1 10 0 0 0
1 24 2 3 -4 3 0
2 -16 25 17 0 -3 4
7 -15 13 5 0 0 0
-12 15 22 12 0 0 0
21 -3 -4 21 0 -4 -5
12 22 -25 6 -1 -5 5
-10 -19 -15 24 -2 1 0
-13 11 -11 2 4 -1 -1
20 20 16 11 0 0 0
-22 21 -10 10 0 0 0
-16 20 18 7 0 0 0
22 13 4 14 0 0 0
1 17 -3 12 -3 -4 0
-18 -19 20 9 4 -4 0
17 -19 9 23 0 0 0
-25 4 22 4 0 0 0
-14 16 23 4 0 0 0
0 9 -8 16 2 -4 4
25 -6 8 22 0 0 0
20 -23 -25 8 1 -3 -3
-5 -19 -2 6 3 -4 5
18 15 -11 2 0 0 0
1 -17 25 4 0 0 0
-5 5 -13 3 0 0 0
-1 -21 -8 23 4 -3 -5
-4 24 -24 14 0 0 0
9 2 8 17 0 0 0
-22 15 -25 19 -4 3 -4
22 5 -7 18 0 0 0
25 23 23 10 0 0 0
-20 21 8 3 4 5 0
-17 -10 -21 24 0 0 0
-7 -23 -6 9 0 0 0
20 -13 -25 21 0 0 0
24 9 8 18 4 2 1
-25 0 -6 12 0 0 0
7 23 18 3 0 0 0
3 -25 8 6 4 -3 1
-18 5 5 18 0 0 0
14 15 -21 13 0 0 0
-19 -25 -21 13 2 3 -2
25 8 13 14 0 0 0
-25 18 12 14 -3 -3 1
4 2 -23 6 -5 5 4
-24 11 21 24 0 0 0
11 -20 0 23 2 4 -4
11 0 1 8 0 0 0
-18 -21 4 5 0 -5 -4
-8 -8 -10 18 0 0 0
2 -21 21 6 0 0 0
21 -24 -23 10 0 0 0
-7 4 -9 7 0 0 0
10 18 16 11 -1 -3 3
-21 22 21 13 -1 -5 -5
-25 -24 -4 22 -5 -2 -3
23 9 7 7 0 0 0
20 -21 -23 1 0 -5 1
-25 17 -21 10 4 -5 -4
11 15 -23 16 0 0 0
3 8 11 13 -4 4 -4
20 25 15 9 0 0 0
-21 -7 -15 23 2 3 -5
-8 9 14 1 4 -5 3
-7 11 -5 5 3 1 -1
-24 -4 -4 20 0 0 0
15 5 -24 18 0 0 0
-4 20 -24 20 0 0 0
-12 -15 12 20 0 0 0
-6 -22 13 17 4 0 -5
5 25 -25 22 3 3 -4
13 -12 -25 3 -3 4 2
-13 -15 -20 17 0 0 0
-9 -20 8 7 3 -5 1
-23 3 25 4 -1 -2 5
12 8 -19 11 0 3 -5
20 -22 25 3 0 0 0
-22 -23 6 2 4 4 3
18 23 11 11 0 0 0
20 20 2 8 -4 1 5
0 -11 12 11 0 0 0
23 -9 3 14 0 2 -4
-4 22 -11 24 5 1 5
-14 7 23 18 0 0 0
-18 -23 -19 3 3 -5 0
-15 -22 12 10 0 0 0
14 -4 21 19 0 0 0
-11 18 17 2 0 0 0
19 -7 18 2 -2 1 2
1 -9 -9 2 0 0 0
24 14 -7 7 0 0 0
9 3 17 16 5 4 -2
-23 -12 -1 7 0 0 0
-22 -14 3 22 5 3 -3
25 8 24 19 -1 -4 -1
-24 21 25 6 0 0 0
14 14 -21 3 5 -2 -4
15 10 -14 5 0 0 0
4 -25 13 8 0 0 0
3 8 22 8 0 0 0
18 -21 -4 25 0 0 0
20 16 0 6 0 0 0
-14 -23 20 16 0 0 0
-25 13 -10 11 0 0 0
-18 -14 -17 10 0 0 0
