87
-23 -20 -3 5 -2 -2 -1
9 12 13 22 -74 -74 -37
3 19 3 4 -3 4 -3
27 -13 27 5 57 -76 57
9 19 -1 14 -1 -5 2
-7 -61 31 22 -4 -20 8
25 -9 4 3 -2 5 -4
15 16 -16 3 -34 85 -68
-16 -3 18 7 4 2 3
24 17 48 16 -72 -36 -54
-10 -2 -25 7 5 0 2
80 -2 11 9 40 0 16
6 -6 21 14 -2 1 -3
40 -23 72 1 -42 21 -63
11 -5 15 3 -1 2 -3
23 -29 51 18 23 -46 69
-4 19 -6 11 -2 4 2
-20 51 10 3 32 -64 -32
-24 -23 -6 1 1 -3 -4
-36 13 42 7 21 -63 -84
18 19 -14 22 4 -1 0
50 11 -14 6 8 -2 0
-18 -21 -15 25 5 0 -4
42 -21 -63 15 15 0 -12
-3 -23 -6 5 1 -3 1
-28 52 -31 11 -22 66 -22
-9 -9 -22 16 0 -5 2
-9 -39 -10 1 0 -55 22
8 -22 -20 1 1 -1 -1
35 -49 -47 13 -35 35 35
17 -13 -20 19 2 3 0
33 11 -20 8 32 48 0
-16 -25 -15 25 -2 -5 -3
10 40 24 25 18 45 27
-4 11 -4 21 1 2 0
-22 -25 -4 13 -29 -58 0
-2 -12 9 17 -4 -5 4
46 48 -39 25 4 5 -4
-13 -9 10 9 -2 1 0
77 -54 10 3 -46 23 0
-20 12 -6 6 -2 -4 -4
12 76 58 7 12 24 24
-7 19 -1 18 1 4 -5
-16 -17 44 20 12 48 -60
12 21 9 14 0 3 -1
12 -15 21 12 0 84 -28
-10 17 -10 2 3 4 -1
-70 -63 10 3 -48 -64 16
-18 8 -19 23 -3 2 2
39 -30 -57 13 93 -62 -62
-23 6 24 4 -2 -3 -3
-85 -87 -69 7 -8 -12 -12
24 23 13 6 5 0 0
9 23 13 6 75 0 0
-8 8 -12 5 -4 5 -4
4 -7 0 6 -64 80 -64
-12 -24 -14 9 3 -2 -4
-42 -4 26 14 -75 50 100
-8 16 20 16 -2 0 -4
18 16 72 14 -40 0 -80
4 -18 11 16 5 4 2
-61 -70 -15 9 65 52 26
7 -23 -9 22 -1 4 -2
24 -91 25 13 23 -92 46
-13 5 23 4 -4 2 5
-61 29 83 4 -16 8 20
-16 -14 15 14 1 2 -4
-33 -48 83 12 -3 -6 12
-23 -21 1 1 -4 -1 3
-83 -36 46 10 -60 -15 45
12 -4 -14 5 -3 -3 -1
-63 -79 -39 2 54 54 18
21 -14 -14 20 3 -3 -4
-18 25 38 6 -18 18 24
-11 21 20 12 -2 -4 -2
-33 -23 -2 21 4 8 4
-2 2 12 11 -2 -1 -5
-26 -10 -48 25 -24 -12 -60
11 10 16 2 5 -5 0
1 20 16 9 -95 95 0
-24 -2 2 25 3 3 -1
-90 -68 24 22 48 48 -16
-15 -19 -16 8 -3 5 -2
-33 11 -28 25 -45 75 -30
19 -2 -17 6 3 -2 2
28 -8 -11 4 -54 36 -36
-8 -1 23 2 5 0 2
-53 -1 5 11 -10 0 -4
-6 6 -8 10 -2 -2 1
-86 -74 32 17 94 94 -47
5 9 -3 5 -4 3 2
53 -27 -27 12 -40 30 20
-14 -21 17 4 -4 -4 -2
6 -1 27 14 -44 -44 -22
14 -19 23 4 -2 -2 -4
38 5 71 2 -16 -16 -32
18 -17 7 25 -5 -3 -4
-27 -44 -29 22 -85 -51 -68
10 -1 22 11 4 -2 5
-22 15 -18 17 40 -20 50
15 -23 -18 14 1 -1 -4
28 -36 -70 19 18 -18 -72
-17 16 4 6 5 -2 2
68 -18 38 5 70 -28 28
-3 25 -3 2 2 -5 4
31 -60 65 14 26 -65 52
4 -18 -22 18 -1 2 -5
21 -52 63 11 -7 14 -35
-21 -17 23 17 -4 0 3
15 -17 -4 4 40 0 -30
-24 -1 3 5 3 -1 0
66 -31 3 23 -27 9 0
2 22 -16 6 -5 2 0
37 8 -16 24 75 -30 0
19 -14 -7 16 2 -2 4
63 -58 81 14 -42 42 -84
7 -8 -3 14 -2 1 2
57 -33 -53 23 42 -21 -42
13 6 0 10 2 -4 -1
61 -90 -24 16 -50 100 25
-2 -3 -21 6 3 -4 5
-26 29 -61 24 -12 16 -20
1 10 -14 17 2 -2 4
-17 28 -50 3 50 -50 100
-11 -23 5 22 5 -1 4
79 -41 77 17 -95 19 -76
-5 18 -9 18 3 0 -2
-62 18 29 2 75 0 -50
-5 -14 -2 13 -3 0 3
91 -14 -98 24 -9 0 9
-6 -23 -20 19 3 2 5
27 -1 35 11 48 32 80
13 18 16 9 1 0 -2
-29 18 100 7 -9 0 18
-5 22 6 10 4 2 4
71 60 82 3 -40 -20 -40
10 2 21 1 1 2 1
23 28 34 17 36 72 36
-11 -9 20 10 -4 -1 5
-75 -25 100 23 0 0 0
14 18 -5 12 -4 0 -5
38 18 25 5 20 0 25
19 18 18 16 -4 5 2
99 -82 -22 5 -68 85 34
-18 14 -5 19 5 1 0
52 28 -5 3 40 8 0
-2 19 -17 4 2 2 2
-72 -51 -87 23 40 40 40
-13 5 -8 13 -2 -2 3
-57 -39 58 12 14 14 -21
-25 -25 8 7 -1 0 -2
-8 -25 42 3 -21 0 -42
-7 -18 3 25 -4 5 2
-87 82 43 21 24 -30 -12
16 -20 -14 7 1 -3 1
-9 55 -39 22 -32 96 -32
-16 18 -21 1 -1 -1 -4
-24 10 -53 6 -7 -7 -28
-18 -11 -18 2 0 1 1
-18 9 2 16 0 -8 -8
20 -8 -17 17 5 -2 1
-75 30 -36 6 -25 10 -5
-15 12 9 5 -4 -3 -5
25 42 59 13 44 33 55
-19 -23 0 20 3 2 -2
17 1 -24 10 63 42 -42
-23 0 -24 7 -5 3 -4
-48 15 -44 12 -40 24 -32
7 -11 20 6 -5 5 -2
37 -41 32 12 -30 30 -12
-13 -18 -19 4 1 -4 -2
-24 26 3 1 6 -24 -12
-14 5 12 16 0 -3 -3
-14 -37 -30 17 0 -6 -6
