250
-45 0 35 17 16 0 0
-38 0 54 2 -48 0 0
0 -82 -9 10 0 0 18
0 -61 94 11 0 0 90
-75 -14 0 18 0 -12 0
-94 13 0 1 0 -84 0
0 91 14 1 0 0 -15
0 71 64 20 0 0 30
-56 0 58 18 6 0 0
44 0 20 20 -12 0 0
70 81 0 12 0 11 0
90 -94 0 8 0 99 0
2 0 -46 12 -10 0 0
-85 0 -24 10 -40 0 0
-31 89 0 17 0 -13 0
-4 73 0 10 0 26 0
0 -76 -29 5 0 0 14
0 -51 -85 20 0 0 -70
0 38 -72 17 0 0 -17
0 9 8 12 0 0 68
0 -100 -41 7 0 0 -1
0 -79 -15 14 0 0 -54
25 -39 0 11 0 -11 0
52 -31 0 16 0 77 0
9 0 -81 13 13 0 0
27 0 -49 19 78 0 0
29 83 0 12 0 5 0
-2 -34 0 19 0 100 0
-94 -25 0 2 0 17 0
-75 -95 0 17 0 51 0
58 47 0 15 0 -4 0
87 -2 0 14 0 -56 0
0 63 -53 9 0 0 -3
0 73 98 1 0 0 -18
26 79 0 13 0 -5 0
-7 -28 0 20 0 -75 0
66 6 0 5 0 -18 0
91 -58 0 20 0 -72 0
41 85 0 16 0 16 0
18 -62 0 7 0 -48 0
-80 0 53 18 10 0 0
57 0 85 14 60 0 0
15 -86 0 5 0 17 0
36 8 0 16 0 -17 0
0 -45 -2 6 0 0 -3
0 -19 54 20 0 0 -60
0 21 87 5 0 0 -14
0 0 -83 16 0 0 0
56 49 0 14 0 -6 0
72 4 0 2 0 -78 0
1 -70 0 6 0 12 0
-19 79 0 14 0 -12 0
82 -43 0 20 0 7 0
49 -84 0 13 0 -14 0
0 31 -40 1 0 0 4
0 42 9 10 0 0 0
-50 5 0 4 0 -14 0
-44 75 0 2 0 -42 0
76 0 -31 7 17 0 0
23 0 -49 11 0 0 0
0 -75 77 17 0 0 2
0 -41 6 17 0 0 -4
-89 0 -99 8 -12 0 0
-94 0 -75 16 -96 0 0
-17 22 0 16 0 -17 0
-36 62 0 3 0 -17 0
-24 -44 0 20 0 17 0
10 -91 0 14 0 -51 0
-22 0 91 6 17 0 0
72 0 82 3 -51 0 0
77 0 -16 17 7 0 0
32 0 -45 12 98 0 0
0 49 26 18 0 0 -3
0 14 1 17 0 0 6
-4 0 8 18 -3 0 0
-42 0 -28 18 9 0 0
11 32 0 2 0 14 0
2 95 0 7 0 98 0
0 26 1 19 0 0 -18
0 6 -8 1 0 0 -90
-5 -15 0 3 0 6 0
15 -96 0 17 0 90 0
-30 0 -67 3 5 0 0
-53 0 -53 11 -70 0 0
-83 -59 0 5 0 19 0
-68 39 0 10 0 57 0
0 -78 66 3 0 0 -3
0 -94 49 13 0 0 57
0 -51 64 7 0 0 -13
0 -70 -90 12 0 0 52
23 0 30 3 -9 0 0
54 0 41 8 36 0 0
34 -46 0 19 0 19 0
14 65 0 1 0 38 0
-41 0 -81 5 19 0 0
37 0 -96 10 76 0 0
-77 -84 0 5 0 0 0
-91 -69 0 9 0 0 0
50 87 0 3 0 -17 0
61 -4 0 8 0 -17 0
100 0 10 2 -2 0 0
82 0 18 6 -10 0 0
-58 0 49 6 18 0 0
-91 0 26 17 -90 0 0
43 -73 0 15 0 15 0
70 37 0 12 0 -90 0
-2 79 0 19 0 -16 0
-27 95 0 6 0 48 0
-64 0 -84 8 15 0 0
-9 0 -99 7 -30 0 0
-44 0 -65 17 -17 0 0
70 0 -36 12 -51 0 0
-80 0 -77 12 15 0 0
39 0 -54 11 -90 0 0
-93 0 15 11 18 0 0
-74 0 28 2 18 0 0
0 -91 35 5 0 0 -2
0 -82 -32 4 0 0 -88
-87 0 -28 5 9 0 0
75 0 -6 17 -45 0 0
-32 29 0 1 0 -20 0
-44 -71 0 11 0 80 0
29 0 -28 10 -1 0 0
-89 0 -52 14 -69 0 0
0 65 18 16 0 0 4
0 85 -44 4 0 0 60
-72 0 -26 14 14 0 0
-40 0 -54 14 70 0 0
0 -89 92 4 0 0 18
0 -76 -12 9 0 0 36
-15 0 -14 7 9 0 0
-62 0 -39 18 -99 0 0
0 37 -58 6 0 0 12
0 56 -29 13 0 0 0
92 28 0 4 0 -15 0
97 -41 0 1 0 90 0
0 -3 92 14 0 0 -17
0 -36 -45 19 0 0 51
9 60 0 2 0 -6 0
-4 35 0 11 0 72 0
-30 0 -14 20 -3 0 0
-90 0 8 2 -60 0 0
0 -73 -67 2 0 0 -7
0 -51 -39 20 0 0 -63
0 -58 26 3 0 0 -13
0 -63 -81 2 0 0 78
0 2 -34 13 0 0 2
0 30 -67 15 0 0 26
97 4 0 12 0 15 0
67 -9 0 18 0 -30 0
98 23 0 10 0 10 0
68 -89 0 20 0 -70 0
28 50 0 13 0 -7 0
46 -36 0 5 0 7 0
0 99 -44 15 0 0 1
0 81 2 3 0 0 -71
0 51 -1 17 0 0 -12
0 18 80 16 0 0 48
0 4 -66 13 0 0 17
0 -28 -52 19 0 0 68
-59 0 89 15 4 0 0
79 0 54 20 -12 0 0
-98 0 -62 20 8 0 0
-12 0 -90 8 0 0 0
-31 0 32 19 -5 0 0
13 0 -1 14 60 0 0
50 -32 0 16 0 -1 0
23 -75 0 11 0 37 0
23 25 0 12 0 17 0
-6 37 0 17 0 68 0
72 0 52 3 10 0 0
-69 0 30 19 -30 0 0
-30 99 0 16 0 -6 0
-47 -2 0 1 0 -12 0
-36 0 -19 18 -7 0 0
-30 0 -52 15 14 0 0
4 -32 0 10 0 -11 0
-11 24 0 5 0 0 0
33 -1 0 14 0 20 0
-1 -90 0 20 0 -100 0
-26 -74 0 13 0 8 0
-1 82 0 12 0 -72 0
0 15 16 1 0 0 -11
0 22 24 6 0 0 -44
67 -27 0 16 0 -18 0
40 -84 0 11 0 0 0
5 0 -1 8 -8 0 0
-15 0 -17 8 0 0 0
0 -46 15 13 0 0 -19
0 -18 44 15 0 0 -95
-72 94 0 10 0 -1 0
-88 87 0 6 0 20 0
0 -66 -45 7 0 0 -6
0 -55 27 4 0 0 24
-43 0 -50 13 -10 0 0
98 0 -72 9 50 0 0
0 -12 -93 16 0 0 6
0 -48 37 20 0 0 96
-71 -56 0 13 0 19 0
-40 -52 0 18 0 0 0
-49 56 0 2 0 -5 0
-41 62 0 6 0 -50 0
0 -69 57 5 0 0 14
0 -51 -27 13 0 0 -98
43 0 3 3 -2 0 0
-11 0 -8 8 74 0 0
84 89 0 2 0 5 0
98 -50 0 12 0 -60 0
0 19 31 2 0 0 0
0 0 3 17 0 0 0
-7 0 -22 3 -14 0 0
81 0 -30 5 -84 0 0
-98 72 0 17 0 -1 0
-72 -89 0 9 0 33 0
91 0 -58 19 16 0 0
25 0 -22 17 64 0 0
-21 0 -65 19 -15 0 0
-48 0 -39 7 0 0 0
88 48 0 20 0 -8 0
51 -76 0 17 0 -32 0
-25 0 -24 11 -14 0 0
79 0 -54 19 84 0 0
0 18 -85 17 0 0 2
0 36 42 1 0 0 100
50 0 -5 6 12 0 0
-90 0 -24 13 -72 0 0
0 50 -9 5 0 0 -12
0 71 60 16 0 0 0
19 -75 0 18 0 -18 0
52 50 0 15 0 -72 0
-23 0 31 19 16 0 0
-56 0 9 3 0 0 0
0 -88 -60 20 0 0 19
0 -57 -89 11 0 0 95
-11 -47 0 1 0 6 0
-24 65 0 12 0 -72 0
-4 79 0 7 0 19 0
9 -27 0 6 0 -57 0
0 3 35 1 0 0 -9
0 22 -5 18 0 0 -90
52 23 0 10 0 -2 0
31 52 0 11 0 -58 0
40 -41 0 2 0 14 0
31 34 0 7 0 98 0
0 44 73 15 0 0 14
0 27 98 2 0 0 -70
75 0 8 3 3 0 0
-61 0 25 14 30 0 0
0 -46 -11 20 0 0 -16
0 -11 21 15 0 0 -16
30 0 -96 17 -15 0 0
-73 0 -68 11 -15 0 0
0 -69 66 5 0 0 1
0 -91 -79 17 0 0 -40
76 0 -8 16 14 0 0
22 0 28 20 -56 0 0
6 18 0 13 0 6 0
-11 -48 0 4 0 -42 0
20 -45 0 16 0 -14 0
1 61 0 3 0 56 0
-79 15 0 10 0 6 0
-49 79 0 20 0 -30 0
52 0 23 16 -5 0 0
35 0 47 8 60 0 0
-41 -3 0 12 0 16 0
-56 -51 0 3 0 48 0
0 -54 77 9 0 0 -19
0 -35 66 10 0 0 -95
0 78 23 11 0 0 -3
0 95 -17 6 0 0 81
34 61 0 14 0 14 0
7 85 0 13 0 14 0
34 -59 0 4 0 -1 0
52 -54 0 14 0 -89 0
0 85 -96 19 0 0 6
0 50 -12 16 0 0 -18
0 49 -22 1 0 0 -19
0 63 -44 13 0 0 19
0 65 0 6 0 0 1
0 47 45 12 0 0 -7
80 0 -100 5 12 0 0
-49 0 -88 7 0 0 0
-75 0 75 6 -17 0 0
-56 0 54 15 -51 0 0
-95 0 26 13 -14 0 0
7 0 -2 15 0 0 0
-87 0 -24 8 -8 0 0
-23 0 -38 6 8 0 0
-6 0 15 10 -13 0 0
18 0 27 2 26 0 0
0 82 -86 14 0 0 -18
0 57 -98 11 0 0 -90
-45 -9 0 8 0 -2 0
-62 -21 0 9 0 -90 0
77 -57 0 14 0 -9 0
49 -47 0 14 0 -18 0
0 -98 -19 16 0 0 5
0 -71 -33 11 0 0 0
35 95 0 17 0 -14 0
69 88 0 17 0 -98 0
22 -81 0 2 0 4 0
34 46 0 10 0 -88 0
79 -13 0 7 0 -9 0
59 -72 0 13 0 -99 0
0 14 -50 15 0 0 -11
0 -12 -6 11 0 0 0
-80 38 0 1 0 10 0
-99 33 0 18 0 0 0
0 -71 48 14 0 0 2
0 -54 -41 3 0 0 100
0 2 25 19 0 0 -11
0 -33 99 16 0 0 44
-95 0 -96 20 20 0 0
74 0 -65 11 -100 0 0
0 -16 -41 5 0 0 -13
0 -26 43 5 0 0 -26
0 54 31 8 0 0 3
0 65 -16 3 0 0 -24
0 -40 -44 9 0 0 -2
0 -60 -59 11 0 0 74
-69 0 -21 12 -6 0 0
74 0 -5 4 78 0 0
0 18 -50 2 0 0 9
0 6 -44 10 0 0 81
0 -83 13 8 0 0 -8
0 -62 -8 13 0 0 96
-73 0 80 16 -3 0 0
90 0 53 11 24 0 0
57 76 0 13 0 13 0
26 -74 0 18 0 91 0
0 83 -72 14 0 0 15
0 51 -11 18 0 0 -45
-55 23 0 10 0 14 0
-85 53 0 20 0 -42 0
-77 -85 0 2 0 13 0
-56 -67 0 19 0 26 0
22 0 -69 5 9 0 0
71 0 -45 19 72 0 0
-93 -81 0 9 0 0 0
-66 -66 0 18 0 0 0
0 89 -15 5 0 0 9
0 98 -50 4 0 0 -18
36 0 -30 15 -14 0 0
56 0 -57 12 -42 0 0
72 0 -18 7 7 0 0
-41 0 -37 12 98 0 0
13 0 51 3 6 0 0
76 0 44 4 0 0 0
32 0 -64 3 -1 0 0
74 0 -70 3 -20 0 0
0 39 9 12 0 0 4
0 17 -85 10 0 0 -32
-15 -43 0 5 0 -10 0
-39 47 0 19 0 -80 0
0 -11 -74 4 0 0 2
0 0 -29 7 0 0 -78
-83 0 -37 6 19 0 0
-8 0 -12 19 -76 0 0
97 69 0 5 0 -5 0
78 -16 0 14 0 10 0
-53 0 -98 7 -1 0 0
-30 0 -73 18 -35 0 0
55 0 -86 13 -1 0 0
-18 0 -56 17 21 0 0
-12 6 0 19 0 4 0
-47 39 0 16 0 64 0
0 8 -58 4 0 0 -20
0 -13 -39 17 0 0 -80
0 1 -46 5 0 0 2
0 21 -67 15 0 0 12
-95 0 22 5 9 0 0
100 0 38 11 72 0 0
0 55 55 8 0 0 -5
0 78 -78 15 0 0 10
-9 -65 0 8 0 15 0
6 -6 0 7 0 -15 0
-95 -66 0 2 0 17 0
-77 -89 0 16 0 68 0
12 79 0 11 0 -14 0
30 -66 0 7 0 -14 0
93 0 26 12 4 0 0
-99 0 39 1 8 0 0
-99 0 18 1 -16 0 0
-40 0 11 6 48 0 0
0 -16 54 11 0 0 -17
0 -44 47 17 0 0 17
100 -10 0 2 0 20 0
84 56 0 14 0 -60 0
57 0 -73 8 -16 0 0
27 0 -57 8 16 0 0
-40 -5 0 4 0 18 0
-56 -16 0 12 0 0 0
-36 0 -26 8 2 0 0
55 0 -42 8 -38 0 0
0 79 7 2 0 0 15
0 58 100 19 0 0 75
0 66 -75 13 0 0 0
0 37 -2 16 0 0 0
0 61 36 5 0 0 -20
0 86 78 20 0 0 20
0 75 69 5 0 0 20
0 62 -65 8 0 0 40
-79 0 27 11 8 0 0
-71 0 13 3 64 0 0
13 67 0 3 0 -13 0
6 76 0 4 0 78 0
83 0 57 12 -3 0 0
-16 0 85 16 99 0 0
77 0 -85 4 4 0 0
73 0 -65 16 0 0 0
0 -92 42 20 0 0 -13
0 -67 -1 5 0 0 -26
-63 0 -89 14 -8 0 0
-6 0 -68 7 -40 0 0
0 87 82 15 0 0 -13
0 66 5 6 0 0 -39
0 32 58 17 0 0 -19
0 56 -71 7 0 0 0
0 89 73 6 0 0 -15
0 63 88 20 0 0 -45
98 -99 0 14 0 -3 0
83 -52 0 1 0 84 0
5 0 39 4 -4 0 0
18 0 17 18 -12 0 0
84 -32 0 13 0 19 0
64 -51 0 7 0 -38 0
1 0 43 17 16 0 0
44 0 70 10 -32 0 0
0 -94 65 19 0 0 -9
0 -72 84 3 0 0 -99
-11 82 0 8 0 4 0
0 -96 0 3 0 88 0
3 58 0 12 0 11 0
-28 -4 0 19 0 -11 0
-4 -8 0 15 0 0 0
-31 -81 0 12 0 0 0
-100 39 0 6 0 -11 0
-93 -95 0 1 0 -33 0
-16 0 86 5 -13 0 0
61 0 94 3 39 0 0
20 59 0 15 0 -10 0
45 -34 0 10 0 -20 0
32 0 -89 10 -13 0 0
-12 0 -77 2 -13 0 0
0 28 26 10 0 0 9
0 48 -48 10 0 0 -54
6 15 0 2 0 -9 0
13 -70 0 5 0 90 0
0 63 -70 19 0 0 8
0 95 74 13 0 0 -64
-34 83 0 6 0 0 0
-59 30 0 19 0 0 0
34 0 -21 15 -14 0 0
-95 0 9 15 -56 0 0
0 -76 99 3 0 0 -18
0 -80 -84 1 0 0 -72
55 62 0 10 0 14 0
40 70 0 5 0 -84 0
0 -7 -99 7 0 0 7
0 7 -17 7 0 0 91
-42 53 0 3 0 11 0
-24 -87 0 15 0 -77 0
1 44 0 17 0 -1 0
-22 77 0 6 0 61 0
0 -49 -92 15 0 0 -7
0 -30 12 4 0 0 -49
17 88 0 12 0 -16 0
46 -73 0 17 0 -16 0
33 61 0 9 0 12 0
23 -83 0 1 0 48 0
-4 0 -94 4 -18 0 0
-85 0 -70 20 -36 0 0
-36 -100 0 1 0 3 0
-31 -58 0 4 0 -60 0
-33 33 0 10 0 18 0
-16 44 0 7 0 -90 0
-28 0 -47 1 -11 0 0
-89 0 -42 4 66 0 0
-94 0 30 12 8 0 0
82 0 8 10 16 0 0
-30 18 0 19 0 7 0
-69 67 0 20 0 -7 0
-18 -19 0 11 0 10 0
-31 -10 0 2 0 80 0
-67 0 42 2 -19 0 0
-9 0 36 4 0 0 0
46 -43 0 19 0 6 0
16 -61 0 11 0 90 0
44 -74 0 20 0 -12 0
4 -94 0 20 0 12 0
-91 10 0 19 0 4 0
-70 -13 0 2 0 48 0
0 -97 22 4 0 0 18
0 -89 -79 4 0 0 -54
-53 33 0 4 0 7 0
-64 -100 0 7 0 63 0
-64 0 65 4 4 0 0
-16 0 87 18 32 0 0
5 100 0 1 0 3 0
7 22 0 1 0 -15 0
