100
-21 20 11 11 0 3 -2
8 -22 -20 12 0 -27 18
12 -18 25 11 -3 -5 5
-1 21 4 20 39 65 -65
0 21 -14 3 -4 2 -3
-2 -17 -3 3 96 -48 72
12 -23 -10 13 2 1 3
10 7 -19 15 4 2 6
-17 -5 3 10 1 -2 -1
-17 -6 24 4 -33 66 33
17 -18 -9 24 0 1 3
-9 -14 -2 1 0 -20 -60
11 -4 -19 23 -5 0 3
11 20 19 18 -90 0 54
6 -9 -6 21 1 3 2
-14 25 8 4 8 24 16
-12 14 4 1 -5 3 -3
1 22 -14 5 -70 42 -42
-19 18 12 14 1 3 -3
14 3 -2 8 -18 -54 54
19 16 -6 11 -2 -4 -1
2 3 13 11 -18 -36 -9
-18 4 5 7 -5 0 1
-5 -20 15 7 -60 0 12
10 -4 -20 23 4 2 2
14 -16 17 1 -92 -46 -46
14 9 -14 10 -3 -5 5
-7 0 12 16 30 50 -50
-16 -13 8 11 2 -5 -4
5 10 7 13 -16 40 32
-6 -18 -25 14 4 -3 5
-15 10 -2 23 72 -54 90
-25 25 13 1 -4 3 5
-15 -21 25 17 -40 30 50
25 -9 -18 13 -3 2 -5
-5 19 23 2 24 -16 40
-21 11 23 17 -4 -5 -4
-8 12 -18 13 -72 -90 -72
7 5 -2 9 2 -1 -4
-24 1 -23 4 -20 10 40
-13 -22 3 22 3 -5 4
10 7 9 15 21 -35 28
20 -15 13 14 -5 3 -5
17 16 -3 1 90 -54 90
22 21 -19 7 -1 1 -3
-3 6 9 15 9 -9 27
0 4 24 3 0 0 -5
13 -10 -2 17 0 0 -75
11 8 -12 12 5 2 2
16 -20 13 22 35 14 14
-16 13 -8 4 -5 3 -1
-24 -15 21 12 -25 15 -5
-19 19 22 13 3 4 2
22 18 16 5 24 32 16
8 -2 24 15 1 3 -3
2 8 -7 5 23 69 -69
-23 13 -15 5 0 -1 -1
-2 -12 22 7 0 6 6
-16 -3 -20 3 0 3 4
4 15 5 19 0 0 0
-15 17 13 17 -4 -4 -4
18 21 -4 17 -8 -8 -8
23 -17 -10 17 1 1 -3
19 -3 23 10 -25 -25 75
-19 22 11 24 3 0 1
-3 -18 10 6 78 0 26
-1 11 18 20 -4 -3 1
-9 10 -12 10 -76 -57 19
-18 16 -8 10 -4 2 -1
-20 -17 19 12 92 -46 23
24 -10 24 2 -3 -5 -4
-9 24 8 19 -51 -85 -68
-8 23 -15 13 5 3 -2
-16 0 -22 2 -10 -6 4
-13 -1 16 2 -3 -2 0
-17 -8 -25 19 -96 -64 0
6 25 -7 19 2 -5 3
-1 -8 -24 15 20 -50 30
-21 -23 22 15 0 1 -5
8 -13 14 7 0 12 -60
16 1 6 2 -5 5 -3
-11 -2 -21 21 -45 45 -27
3 6 21 15 -5 -1 0
3 7 -12 4 -80 -16 0
8 -6 -6 6 -5 4 -4
-14 23 -2 8 -80 64 -64
-22 -12 -15 7 1 -3 4
0 22 21 7 -10 30 -40
15 22 12 17 -2 1 1
2 -23 5 6 -50 25 25
-6 -11 -25 19 -4 4 5
6 -13 -1 6 -24 24 30
-22 -7 -7 20 -1 2 -5
18 2 6 17 -15 30 -75
5 -10 22 4 -5 3 5
-2 3 -11 4 -10 6 10
-6 -10 15 6 -1 -5 3
12 -3 -5 1 0 0 0
23 -3 11 19 0 3 3
-7 21 -21 10 0 -48 -48
14 -23 13 23 2 5 -1
-11 0 25 2 -4 -10 2
-7 -14 -20 19 5 -5 2
-7 22 8 1 -20 20 -8
14 23 23 18 5 4 -5
-3 10 -12 7 30 24 -30
-6 -10 -23 21 -1 -1 4
22 -16 20 11 22 22 -88
16 6 7 6 1 5 -1
-11 -8 17 18 14 70 -14
-10 -12 -15 15 3 -5 -2
-16 5 2 5 9 -15 -6
19 -18 24 24 4 4 -3
-24 -23 -20 5 -64 -64 48
-17 15 -11 25 4 4 5
-22 -22 -19 11 76 76 95
13 -13 -7 17 -4 -1 -3
-13 14 17 17 -12 -3 -9
20 -14 -4 5 1 -1 1
8 -3 -7 8 31 -31 31
8 25 19 2 3 1 -1
-10 -25 0 15 63 21 -21
17 -4 2 24 -3 3 -1
-21 22 -10 2 87 -87 29
15 -5 -24 2 5 5 5
-15 4 -9 22 10 10 10
1 19 16 11 -5 -3 2
-20 -24 9 8 -30 -18 12
-19 2 -17 17 -5 1 -2
-6 -5 21 11 0 0 0
-17 1 -9 7 0 -3 3
13 -23 -14 5 0 -93 93
-21 -6 -14 16 -1 -2 5
-25 19 -15 6 18 36 -90
-4 -23 -10 11 2 1 5
-14 -1 7 7 16 8 40
22 -15 -12 22 1 2 2
-24 16 14 25 5 10 10
-19 24 -25 5 0 3 -3
5 8 -25 12 0 45 -45
23 -21 2 11 5 0 1
19 8 -15 12 -95 0 -19
-14 11 14 5 -2 -3 -4
-11 -15 8 1 8 12 16
11 -9 -17 7 3 3 3
-16 13 15 18 -81 -81 -81
-23 22 -24 7 4 5 4
15 10 9 11 -52 -65 -52
22 -7 -1 10 5 5 4
-18 -19 -1 21 30 30 24
23 0 7 2 2 1 0
-13 14 17 21 54 27 0
0 -24 15 10 -1 -2 -4
24 7 3 2 -11 -22 -44
21 5 -22 10 4 0 1
-23 9 -4 5 16 0 4
-14 -14 2 16 -2 -5 4
20 -9 -9 12 36 90 -72
1 10 6 13 1 4 4
-10 25 -5 2 13 52 52
23 6 23 14 3 1 0
12 22 -18 7 -93 -31 0
13 -22 5 10 2 5 4
4 10 -24 3 -36 -90 -72
24 21 10 16 -3 3 -5
-17 -20 13 8 -12 12 -20
12 20 -20 25 -4 0 5
9 -25 -11 5 -12 0 15
-8 -20 -20 4 5 2 -3
-25 13 11 8 0 0 0
7 -24 4 14 -3 -4 -2
19 10 23 20 42 56 28
14 -19 -4 2 -2 3 -3
-15 -7 -4 15 -46 69 -69
-13 2 11 5 5 -4 0
21 4 -5 14 -65 52 0
-20 -19 21 7 1 1 3
11 -24 -5 10 29 29 87
-25 5 6 15 -5 -1 -4
-10 4 -9 3 55 11 44
20 -12 -9 16 4 -1 2
-10 22 -17 1 -72 18 -36
-22 -11 2 13 -5 -5 0
24 -5 8 19 45 45 0
15 25 9 7 2 1 2
25 8 -24 22 38 19 38
-8 -3 25 20 -5 4 -3
16 -16 -8 14 -90 72 -54
19 21 -10 7 -1 4 2
22 9 -5 5 20 -80 -40
-6 16 25 6 -1 3 -4
-14 -25 -12 5 11 -33 44
8 -17 -22 21 -4 -5 -4
-10 18 1 9 -16 -20 -16
6 -22 -10 5 -4 1 0
-25 -19 -1 6 -24 6 0
-22 21 3 19 0 -4 -3
7 -9 24 1 0 -24 -18
3 -16 -22 10 -3 -1 0
-1 16 -7 19 69 23 0
