500
21 4 9 2 1 3 0
7 18 -16 21 -12 -11 -25
-24 1 -8 16 -5 -5 -2
24 -19 -23 21 -23 21 1
5 24 18 12 1 -2 0
8 -11 2 22 16 18 -19
-20 -14 15 14 0 -3 -3
19 -21 -11 18 23 -8 8
2 5 2 2 -2 4 5
17 -23 -1 23 3 1 2
-24 7 9 2 0 5 2
18 22 10 16 23 0 -22
23 -24 17 9 4 5 -2
-4 -9 21 21 -19 21 -12
23 -13 21 7 -3 2 -3
8 4 -2 5 -7 -4 19
22 20 -23 11 -5 -5 1
-9 0 -3 17 -19 22 -11
13 25 -7 12 2 2 2
-21 -20 -13 11 -20 24 -6
-12 -1 -19 7 -4 -1 0
-18 14 -4 1 9 3 -12
16 2 -4 21 -5 -5 -5
-18 -8 -12 9 -12 -5 -17
18 -3 11 5 4 3 5
-12 -3 17 5 15 -8 -7
-6 -4 7 2 -5 5 3
10 -24 4 13 11 7 7
-12 6 19 9 -3 -3 -5
4 8 -5 3 14 3 -13
-16 16 -6 2 2 -3 4
19 -8 1 6 -7 6 -2
24 -18 7 15 -3 3 -4
-11 17 3 16 24 -3 8
8 22 23 20 -2 -2 -1
19 -22 9 13 16 -17 -6
19 9 -13 9 -2 -2 5
-12 -21 -19 1 14 8 -7
24 -17 20 22 -4 -1 4
-7 6 7 4 -14 6 17
19 8 20 8 5 -2 4
-25 -10 -18 4 -12 -16 -12
3 -17 -20 11 -5 1 2
-4 1 19 10 -5 -14 6
-7 11 5 19 2 -1 1
24 -16 22 10 3 12 24
12 2 -17 1 -5 5 2
-23 -20 10 17 9 -25 -7
2 16 14 14 -4 -1 5
-24 23 -22 25 15 -20 -5
-24 -2 16 12 -3 1 5
12 -10 6 12 -17 20 -11
-18 -23 23 3 1 3 -1
18 9 21 21 -16 -12 -12
-15 0 0 14 -1 5 -3
-16 -23 21 7 -6 -6 -21
-18 -23 -9 2 -4 -2 3
20 -17 5 10 -10 9 -22
8 -4 24 20 2 -2 4
-12 17 -25 7 -23 10 -15
10 14 5 5 5 2 1
-5 0 17 14 13 -15 -18
7 -15 -12 11 -5 5 1
14 -17 7 9 -2 -10 5
-13 -18 25 14 5 1 2
4 15 1 9 -25 18 -22
-19 0 -12 16 -2 -1 2
21 -10 -3 23 9 15 -16
22 -15 -22 5 -5 -2 2
-10 25 -22 16 -5 -19 -10
-22 -8 3 22 3 -5 -2
12 -25 -11 17 15 -4 19
-18 21 19 9 4 3 0
-23 -25 20 2 14 0 -11
15 -3 20 7 -3 -2 -1
11 15 8 11 -5 -3 -4
24 -8 25 5 0 2 -2
-8 -1 10 7 -15 7 19
-10 -17 1 24 2 3 4
-23 20 -17 6 -7 25 -21
20 18 -10 22 -1 0 4
-13 -12 -6 16 -13 16 -14
23 -6 -4 4 -5 -4 2
25 -4 14 6 -14 -16 -10
-1 5 -23 17 -5 5 -3
-16 -6 7 16 -23 -4 -13
-23 2 4 20 4 5 2
-17 1 -24 1 -10 15 11
-20 -8 -1 9 -1 2 -5
2 7 15 12 13 20 9
-20 -8 25 1 -2 -4 -1
20 17 25 14 -22 -13 9
12 -11 10 9 -2 5 0
-25 12 -12 19 7 3 -20
20 8 19 16 -1 4 2
22 -23 -14 21 -15 -17 21
-14 -24 -16 19 4 -3 -1
0 12 6 15 5 10 14
2 21 -1 3 -2 2 -3
11 -17 9 1 4 25 -19
-7 19 -14 19 -4 -5 5
-19 8 21 15 23 25 21
2 -17 25 25 -4 4 -4
-9 21 13 7 -7 15 -21
8 1 -6 15 -4 -4 -1
-8 22 -5 11 -20 4 -9
5 20 -9 3 0 2 4
-7 -25 10 6 -24 9 18
-2 15 -15 21 -4 -3 4
17 22 -5 1 -4 8 4
-15 12 17 5 -3 5 -3
22 -4 -16 12 -23 -19 -23
-19 0 -5 20 1 5 -2
-5 24 25 13 6 11 12
7 21 3 21 -1 -4 4
-16 -23 6 15 -24 19 12
1 0 -18 15 5 -5 -5
21 -5 12 1 -8 17 -16
-12 -13 -7 4 -4 -1 -5
-21 -9 12 14 -7 -16 15
-15 -23 1 17 2 -3 5
2 19 21 1 22 -13 -10
-12 -3 -23 1 0 3 1
16 -15 6 3 -6 4 15
-2 -13 13 22 3 5 2
25 7 7 4 1 23 -24
20 -3 18 12 5 1 -4
-22 3 8 4 11 0 10
3 -12 6 14 5 -2 5
11 10 -10 2 -20 14 19
21 -7 14 5 1 -1 -4
-18 10 -2 2 9 18 22
21 8 -4 24 -1 5 4
-20 -21 12 24 -2 -2 -1
-25 -16 -17 2 4 -5 -3
16 -20 11 9 15 -10 -8
1 4 22 13 -1 1 1
-2 18 -16 14 12 -23 -16
-22 16 -9 13 2 -2 4
4 -7 5 1 24 -12 -4
0 10 -18 8 3 -3 -4
8 11 -4 1 -4 -17 -2
-21 11 13 20 -3 -4 3
18 -21 -16 2 15 23 -15
3 -14 12 16 2 -4 1
25 20 20 17 -4 -18 3
16 3 -8 8 -5 -4 -3
22 -14 -23 14 -12 7 5
23 1 -12 10 -1 5 5
-13 -22 -3 1 -25 -3 -2
24 -24 16 20 1 0 -5
-25 21 -9 13 -22 15 -22
18 -11 -23 22 1 -3 -2
-22 -20 24 5 22 -5 -20
8 15 18 3 5 -1 -4
-11 11 6 4 -4 -12 14
-1 -1 -15 7 4 -4 2
-20 -11 4 17 2 6 10
20 -24 -2 12 3 0 4
-15 11 -6 9 -17 -18 -13
-6 -22 -16 11 -1 -5 0
-10 22 -10 16 14 5 -6
-18 -15 -5 12 -4 -1 5
20 -11 -21 4 7 -11 -15
-22 22 2 12 4 -2 2
5 1 13 5 -5 24 -25
-14 -4 4 8 5 4 5
-24 -1 -22 2 2 15 13
-23 24 16 18 1 -1 4
23 -8 -5 15 1 -10 -4
-1 6 -15 19 5 2 1
0 -5 5 3 23 6 -10
9 -14 -12 15 0 -1 -4
5 -10 24 12 23 18 11
-17 -25 -23 16 -4 -3 -3
24 -9 -13 23 9 -4 11
4 -6 -8 16 2 2 2
3 17 3 1 -22 -14 -14
18 -22 18 4 0 -3 -1
16 5 10 1 -17 -18 -12
-8 -19 20 22 0 -1 2
-18 23 11 19 -21 6 20
-10 -24 6 25 -1 0 -4
-3 -6 -25 7 -22 -21 -16
-7 -7 -1 7 2 0 4
13 9 24 18 -25 22 21
14 8 -15 1 2 4 -3
24 -5 16 23 13 -5 12
-15 -3 19 4 5 0 -1
24 18 18 1 -1 3 11
-3 23 -9 17 4 -4 -1
-11 -25 12 22 22 13 6
-6 16 14 17 3 3 1
21 23 -7 15 -13 -14 1
11 20 16 9 -5 0 1
-20 -13 -21 20 12 -11 -22
-13 4 -12 4 -5 -2 1
19 -24 3 2 4 20 2
-18 -15 25 14 5 2 2
5 -16 1 5 11 -1 -25
20 6 -18 11 -4 -4 3
4 18 19 2 -12 -1 10
11 10 -10 23 -2 3 0
-15 -23 19 24 -12 -23 24
-2 7 24 3 4 4 5
-6 -9 4 7 1 -7 -5
13 -19 -21 15 3 -4 -1
-11 23 -14 9 -7 16 -20
17 -4 -24 4 0 -4 -2
-4 -16 11 4 -14 -3 -14
3 21 3 19 5 2 -2
1 -23 11 21 -8 -14 -11
-10 6 19 3 0 5 0
-12 21 6 1 18 7 -7
-25 -19 25 21 1 1 -4
-7 20 -17 23 -14 -9 -2
-6 19 -14 5 1 -4 -5
6 -22 -18 12 -9 -6 -11
-16 4 -19 23 5 5 4
-3 -19 25 24 4 18 -1
-5 9 2 12 -1 3 -3
19 -22 1 14 -19 2 3
-22 -20 19 7 -2 -1 -1
8 14 11 23 7 23 -17
-19 -9 -9 3 0 -2 -4
23 -18 -24 2 4 21 -19
-7 24 18 22 1 2 1
23 14 -18 11 5 15 -24
21 0 -21 5 1 -2 4
-21 -22 15 25 -17 15 22
10 6 5 1 -5 -5 -3
12 -18 -13 12 -1 1 21
1 20 24 16 2 5 4
23 14 5 10 0 20 -20
13 -8 -24 12 0 1 5
-19 -22 15 15 0 -10 -20
-3 8 -25 23 0 1 0
7 -3 17 19 -12 1 -19
12 -14 12 12 4 -1 1
11 5 -16 7 -13 15 -14
-2 -17 -14 13 -1 -4 3
10 10 -6 3 19 -2 16
-13 -10 19 14 -1 3 2
22 4 -10 18 -4 -21 -22
7 25 -17 20 2 -4 -4
17 1 -4 2 17 -1 17
8 0 -19 21 2 -5 4
-10 -11 17 7 17 -14 24
12 -24 -21 8 -5 -3 -1
-10 -24 -13 2 9 2 23
-9 5 -16 11 2 4 -3
3 -4 -20 2 24 11 -7
-1 18 -1 1 4 5 -3
17 19 0 6 25 7 20
14 -18 23 19 -4 2 -3
-1 17 25 14 -20 -25 10
-7 25 15 6 -1 -3 2
-15 -17 -10 14 17 -11 -22
-17 13 -6 24 -5 3 -2
5 5 15 5 -18 14 -18
-22 13 -19 12 -5 5 -1
22 -10 1 10 -22 -14 9
6 -11 -14 11 -4 3 -4
-20 -17 25 5 -7 14 -24
-10 -12 -13 8 -3 -3 2
22 21 4 14 7 1 -5
5 22 17 2 2 4 -5
-14 -8 -6 15 9 10 -17
-23 -12 -16 8 0 1 -4
20 -2 -3 17 -11 -20 -7
-18 25 22 1 1 1 -3
25 -12 5 9 13 -16 -23
5 -8 -18 7 4 0 1
-2 8 -17 10 -9 -21 25
10 24 10 9 -5 2 1
-15 -4 16 3 1 -6 -24
-1 -25 -3 10 -3 -5 5
18 10 -5 2 23 25 16
20 1 -4 10 3 0 0
-24 -25 -20 15 17 -8 -1
22 6 -18 1 3 -2 -3
-14 -11 -7 21 -19 -25 9
14 -22 9 25 -1 -3 -3
2 11 -5 5 14 6 20
-18 -22 -18 2 1 -5 1
-19 -13 23 10 9 -11 10
15 21 22 19 3 1 -4
25 -12 -3 19 -5 -12 -25
-23 8 -16 19 -2 1 1
5 12 -2 3 -16 5 -10
25 -1 2 5 -4 4 5
22 23 15 2 11 -21 -14
-24 24 -8 2 -3 1 -4
-25 -17 -20 9 5 1 3
23 -24 24 16 -5 2 3
-10 -25 5 20 -20 -13 9
24 22 -21 18 -2 -1 2
-15 -5 -23 13 22 -17 -22
-13 3 14 25 -1 3 -3
-6 17 -17 9 -20 -23 -3
1 -12 25 8 2 1 -2
-9 -14 -17 9 22 6 -16
-4 14 -5 4 0 4 -4
-11 -1 -7 10 17 15 2
10 -6 23 18 2 0 -1
15 1 -15 4 -3 -23 17
21 -20 -22 14 -5 5 3
2 -24 -1 3 19 -21 7
-8 -24 4 4 -1 3 1
10 -1 25 15 15 25 -12
15 -25 -23 9 -4 3 5
-21 23 25 13 -5 -3 1
6 25 21 1 -2 -3 -5
-7 -10 13 17 15 -17 -14
-10 12 -24 11 1 4 -3
-15 17 -10 4 14 1 -12
10 -20 25 4 5 5 3
17 -24 -15 7 -15 -13 17
25 -3 11 13 3 -1 0
15 25 13 10 -13 4 -22
-10 24 -25 2 -1 4 -1
1 -20 -21 25 -10 14 -12
15 -19 6 22 3 3 -3
16 25 -9 2 -14 -15 0
4 -21 6 20 -2 -2 -1
-20 -5 8 4 15 -7 4
21 -11 2 10 2 -5 -2
-22 -11 -17 16 9 16 -24
8 0 4 12 4 -4 2
-20 19 10 17 -17 -19 5
10 24 -9 7 -4 -5 1
21 3 -23 12 4 -22 18
-22 -14 -7 10 1 -1 2
5 11 -9 19 11 -7 -21
-24 2 -15 4 -4 1 2
-19 -16 -21 11 14 -6 -24
-12 -17 -19 23 0 4 5
-23 1 22 19 2 23 23
14 16 -8 16 2 3 -4
3 -6 11 11 -22 -11 -8
-16 21 13 22 5 1 0
7 -11 4 17 -23 -18 1
-19 5 -6 5 -3 -1 3
-4 -12 -13 7 7 -21 0
16 17 -21 4 -3 1 -2
-21 -6 20 1 -11 9 -13
-12 -15 5 1 -2 -2 -4
-7 -25 -19 14 10 24 1
6 5 -19 5 5 2 -1
24 -19 17 22 15 2 20
14 -2 1 3 -1 -3 1
16 8 -21 15 -9 1 5
-1 -15 5 8 -4 -2 2
5 -10 15 3 11 -3 3
-17 25 -10 4 -5 5 4
-11 5 19 24 25 17 -15
-18 -12 4 4 -4 3 1
-13 15 -11 12 14 12 -7
-25 12 9 12 -1 -2 2
19 9 -22 11 1 4 5
20 13 -13 17 -1 -2 3
-18 11 10 11 -11 -2 -10
-20 22 14 11 -1 0 -1
16 9 -25 17 14 -18 -10
20 12 -24 11 -3 5 -3
13 23 20 14 5 -11 12
-19 18 -7 5 0 3 5
5 3 4 21 -7 -12 -24
-6 6 -8 1 -4 -1 2
-19 10 -11 12 15 -8 -18
7 -4 16 20 -1 2 -2
2 25 -16 5 -22 5 -24
12 -11 -1 12 0 -3 2
-17 -13 -16 5 -13 -21 5
-14 25 -5 6 -4 3 -4
2 -7 -8 10 23 6 18
25 21 14 23 4 1 5
-13 -19 23 23 19 -25 -12
19 8 -22 8 -1 -4 -5
-25 -7 -24 19 -12 11 -14
-17 3 -25 24 -5 -5 -3
18 -6 21 18 11 -21 24
-19 -3 10 9 0 4 -1
-3 22 -25 14 -2 -3 1
-4 23 -12 3 -5 3 -1
-16 -9 -20 3 -23 20 -25
-2 22 -19 4 -1 5 0
-3 -10 3 11 23 17 -18
-6 9 -7 14 2 -1 0
-13 -18 0 13 20 16 -10
8 -12 -12 1 4 4 5
14 -12 6 14 25 -25 -13
-4 -4 -11 21 2 5 -3
23 -8 24 6 -22 -8 5
-17 -11 6 7 -5 1 0
2 19 18 23 21 -21 3
-3 10 -24 3 0 4 4
-14 12 6 16 19 -24 -5
-25 15 -11 3 -1 -5 -4
-9 2 -14 6 -13 -5 -16
-24 -19 22 2 0 4 -4
12 0 -15 20 -18 -3 -13
1 23 0 2 -2 -2 -3
-1 -25 -17 4 -12 20 -11
6 -1 8 14 5 4 0
-6 -20 -17 19 -4 23 17
-17 14 19 2 2 -1 1
0 -1 -21 14 -16 -12 9
-25 4 10 13 2 0 3
-18 11 -15 3 -20 -4 8
7 12 -15 2 5 3 3
-19 8 15 16 -22 1 0
8 8 -11 1 3 0 -3
-21 17 -23 23 5 21 0
-15 16 -19 24 -5 2 2
22 -6 19 1 12 -14 19
-23 -20 9 17 -2 1 -1
1 15 25 6 -22 8 0
-22 16 -20 1 -1 1 0
2 -14 2 7 -16 22 6
-9 -2 -25 14 -3 -2 1
17 16 12 16 -14 3 -8
-3 16 -15 3 2 -4 2
-18 -14 0 5 16 -6 21
20 17 -21 17 -3 1 0
2 -15 2 12 -16 13 0
8 3 -2 15 3 1 2
-4 -7 20 2 -10 -10 -5
-17 6 11 10 2 1 1
-1 -25 5 9 -16 -17 -14
-2 -18 -10 9 -3 4 4
-17 15 16 19 8 7 -12
1 16 14 15 -2 -2 4
-2 1 -19 6 21 -1 0
-23 -22 21 8 -1 -3 -3
15 -11 -10 23 -21 -9 4
-24 -4 11 14 -3 -3 0
25 -5 -21 23 -1 14 -2
4 -13 -7 14 -3 1 -3
-11 25 13 17 14 16 -1
-24 -8 5 8 1 1 5
11 18 -4 3 -10 6 -24
22 24 3 10 -4 1 2
-6 16 -11 12 -18 13 2
17 -15 -11 7 -1 4 -3
-13 18 19 14 3 22 25
-3 18 -4 25 -3 4 1
22 24 21 9 -17 12 17
-9 -17 -19 18 2 -4 3
-10 14 11 11 9 -22 18
21 -19 5 9 4 1 -3
-20 2 9 2 -19 19 24
-3 12 -20 18 -4 1 2
24 -1 10 13 8 -25 7
-17 -10 24 18 -1 5 1
-12 -11 -9 4 20 21 -24
6 25 2 20 0 -4 -1
-16 -16 13 25 22 -9 25
-10 -15 -5 1 -2 -2 -4
-19 -24 15 14 23 -12 -22
-25 -10 -20 10 -1 1 -1
-10 20 24 8 -19 -1 2
13 -22 13 3 -1 1 4
-5 -7 -15 21 -12 -24 -4
-20 -3 -23 8 1 4 -3
-18 -17 23 6 -12 0 1
1 18 4 7 1 -5 -1
-14 19 10 7 5 -4 -21
25 -20 -22 8 5 1 -3
25 7 10 6 -9 -24 11
-3 -10 8 5 5 5 4
-11 20 25 25 -18 6 -14
8 -25 3 7 0 -3 2
-3 -7 1 10 3 -19 4
24 -23 0 5 -5 -1 1
18 -6 5 13 -8 -22 -16
2 -3 14 5 2 3 4
-12 -22 10 9 25 11 0
20 14 -7 8 0 1 3
-7 0 0 18 23 14 -5
11 -9 -15 10 -2 3 4
-10 14 -13 15 -12 8 17
4 -3 -8 9 4 -1 4
-7 9 -22 5 16 19 -14
1 0 1 13 4 -4 4
8 3 -25 8 5 5 -19
-17 -25 22 10 2 -4 0
-15 -8 0 11 5 -9 16
-24 14 3 2 -5 1 -3
20 -6 2 23 9 12 -6
-19 -13 -20 1 5 4 -1
-1 25 7 25 14 15 -9
4 19 -22 20 -2 -4 2
18 -6 -7 4 -10 -11 -2
-10 5 24 14 -1 2 -1
-15 -18 -4 19 25 -1 7
-11 -7 25 12 -1 4 -2
-13 -2 -19 24 8 -13 -4
-23 12 -13 16 4 -1 4
0 6 6 2 8 18 -14
16 -2 -17 2 -1 3 0
20 22 -18 11 10 7 -2
-24 20 24 23 -2 2 3
20 19 22 7 11 23 -8
15 22 21 20 5 -5 -4
-2 15 -13 13 11 -22 -21
-2 -10 20 10 0 -3 4
6 15 22 6 25 -16 -23
8 -7 -13 6 4 5 2
-15 20 21 12 -3 11 11
19 -13 20 25 1 -5 3
-4 -16 -25 1 -25 -14 20
7 -20 -7 8 -1 0 -3
-17 -16 -20 11 -8 11 -15
3 6 -3 8 5 1 2
-25 -16 -9 7 -21 12 -5
22 12 3 21 -4 -5 5
-2 -16 -20 8 14 -24 16
-11 1 20 11 -5 3 -3
6 18 8 6 -9 -16 -20
-4 21 5 25 5 -4 2
-17 -24 -2 8 14 -17 -14
-7 17 21 11 -5 -2 3
13 -21 19 24 -15 13 -24
11 13 -21 18 2 0 0
17 0 -2 3 -21 17 4
-7 17 2 17 4 2 3
-6 19 -25 1 13 -16 -24
13 21 25 23 -3 0 5
-16 -11 -24 25 -19 8 -11
4 -11 -15 20 -5 -1 0
-11 12 21 25 -12 17 -15
20 -11 -14 7 5 2 4
24 25 6 13 -2 -3 8
13 -3 20 13 5 5 -3
9 3 -17 7 -20 -22 21
-25 -7 8 10 -5 -5 5
4 1 -7 20 24 -13 -19
-5 14 -24 1 5 3 4
-8 -24 22 6 -19 3 -12
24 12 -18 8 -3 1 -3
-21 -20 19 6 2 -21 20
-12 -13 22 17 -4 2 -3
9 -8 -12 11 -7 -15 3
-6 24 -20 10 -2 4 -2
22 8 -21 20 10 3 -7
-24 16 24 11 -1 -4 -3
4 16 20 4 23 -1 0
7 22 -23 1 4 1 -4
-6 -9 -15 19 3 -22 13
-3 21 16 18 -4 -2 -4
14 -24 21 12 10 -16 -9
5 -10 20 1 3 -3 3
-18 -5 5 9 -9 -21 22
-10 -5 24 16 4 -5 0
-8 -10 -20 16 12 -14 16
-25 1 15 16 -4 2 -3
18 7 -2 8 19 13 -15
-6 -10 -12 6 4 0 0
-24 5 -14 14 -8 -5 24
23 20 2 2 3 2 4
12 23 8 1 -20 8 -19
-24 -7 24 14 0 1 2
-15 18 21 8 6 6 -1
-10 9 -3 2 -4 -2 -4
-1 20 -9 13 -12 -13 -22
18 2 20 22 -3 2 2
-5 -16 -23 5 -11 25 -6
-12 -4 7 5 2 -1 4
5 -24 18 15 -11 16 3
-1 8 -13 7 5 -3 -1
-16 20 -8 4 -11 -12 12
19 8 -2 8 2 4 -5
-22 1 -23 12 4 -19 7
1 -24 -25 8 4 3 5
24 20 13 24 -4 -2 -8
24 7 -21 15 5 0 5
-15 -21 -3 1 -15 10 -24
9 0 -4 6 3 -1 3
10 -21 1 10 -8 -1 18
6 -7 19 10 -5 5 -1
-21 0 25 13 7 11 -5
0 -19 -18 5 -2 -5 -5
7 -19 15 15 -4 -13 6
25 8 13 2 2 -4 2
-5 9 -12 23 0 -16 5
24 -19 -3 5 0 3 4
-25 -22 -5 23 9 17 24
6 22 19 19 0 -4 5
-18 -9 -1 3 13 11 6
0 7 0 10 1 -5 -1
-20 -9 -22 11 23 17 20
12 -18 10 10 -2 3 -3
-9 25 6 10 7 -14 -25
25 13 -22 2 -3 1 4
0 -3 -18 21 -9 -23 19
-24 -15 3 4 -3 1 0
19 -18 -16 17 -7 -4 23
-14 21 4 22 -3 1 -1
3 -14 6 11 -13 6 -20
-5 8 19 6 -1 -3 -1
-24 19 -22 15 18 6 -22
17 -8 -11 15 -3 0 -1
-24 16 -13 1 16 24 -24
20 -20 -20 23 1 2 -1
-3 15 21 19 -7 -25 1
4 4 7 24 -3 5 -1
3 -20 -13 4 -9 -15 -1
0 -24 -16 2 0 0 -1
-7 16 0 25 -9 3 24
-15 25 -8 22 -5 -3 -5
22 -21 19 2 -12 -23 -4
-21 -22 18 13 1 1 -2
-14 -15 -23 17 25 -10 11
-1 -22 -25 16 -3 0 -5
21 -22 1 13 24 19 23
6 6 -2 4 -4 5 1
-22 -5 3 22 1 -14 11
-5 24 -13 7 4 1 5
3 21 16 23 -11 -11 5
11 5 4 11 0 2 -1
-10 14 -7 14 -25 11 3
9 -6 -6 16 -1 2 5
-21 -24 -25 23 19 3 9
7 -12 11 15 -3 5 2
-6 16 3 8 0 -23 -4
-16 1 25 8 -4 -3 1
-19 14 -13 12 -3 13 -10
24 -5 14 20 -2 -2 1
-25 18 23 1 -13 1 6
-24 14 -5 14 3 -4 3
-25 -21 -15 1 4 -13 -11
24 1 -17 2 -5 5 1
-3 -9 -13 7 19 -22 -4
13 -16 12 25 -1 2 -3
-5 8 4 4 -8 -19 13
3 7 -3 2 3 4 1
7 -11 -6 5 16 -15 13
0 -19 -14 22 2 -1 -1
-24 20 -20 23 6 -3 24
-21 8 6 23 0 3 0
14 25 -22 14 -13 10 -22
-1 18 0 3 5 -1 -2
11 -8 6 22 -15 -16 3
7 12 -2 15 -4 4 3
19 18 -24 5 11 16 -5
21 -5 -5 22 -1 -2 3
-22 -5 19 23 -22 21 4
16 7 0 20 -1 -2 -1
-22 -21 16 6 -6 -6 7
-16 23 -11 14 -4 5 5
-12 -20 -20 20 11 24 -19
-19 2 -25 11 -2 2 -5
4 16 16 7 -13 -15 20
-15 -5 -12 18 0 3 2
-10 16 -25 1 -13 -1 21
6 -5 23 9 5 -3 4
23 4 -11 20 1 2 -9
8 -1 3 6 3 -3 3
12 14 -16 12 -3 16 -8
-2 -4 20 3 3 5 4
-16 -12 -14 1 -1 -24 -3
-19 7 -11 12 0 -4 -4
17 -11 -15 21 18 -19 -25
22 23 5 3 -2 -3 -5
5 19 -3 5 25 -10 -19
3 3 19 18 -5 1 0
-14 -14 -8 4 -14 20 17
15 2 20 1 -3 -4 -5
20 -21 -21 18 -2 -10 2
14 7 -20 24 0 -5 -2
-15 4 22 13 -19 -9 -14
-20 -14 19 11 -1 -1 0
18 18 -20 25 6 -23 -7
23 -2 -12 5 1 -2 -4
-9 0 -23 22 2 20 0
7 -21 4 11 4 2 -3
8 -18 21 2 -11 11 -22
-24 -4 -9 17 0 -5 2
14 0 13 15 11 4 -24
21 11 20 7 2 5 4
-8 1 -5 20 -25 -19 -13
-17 -5 -4 3 5 3 2
-6 22 7 9 3 -3 -5
20 -24 5 9 1 4 -2
-12 3 4 14 25 -3 -14
7 2 5 9 1 1 -1
-18 12 -8 2 -11 2 -15
12 -12 -24 14 5 -1 2
14 -21 1 8 4 12 5
-16 -2 11 15 4 -5 2
14 -7 24 5 9 7 -22
-13 12 8 8 4 -4 5
-13 -8 -22 6 -15 0 -19
-15 -2 24 24 -2 4 1
-1 25 -12 1 -25 13 -15
14 3 18 11 3 2 1
-9 -5 -13 4 -3 0 10
8 -7 20 3 1 -5 0
-24 23 -15 19 21 -15 17
18 -13 24 21 -1 4 0
-12 -10 -15 24 23 20 20
14 -14 0 16 3 5 -3
17 7 -19 3 18 0 15
-4 -3 -25 12 -5 0 0
17 -14 -17 4 -11 18 8
5 10 -24 23 4 -5 -4
2 -11 2 1 23 -2 -7
7 14 16 16 -2 -5 -4
-8 -13 -13 17 9 -14 -21
20 -12 23 3 2 4 -2
-11 13 24 9 11 -3 16
-16 -3 21 18 -4 -1 5
17 7 -2 18 5 -8 10
-18 13 14 8 -3 2 4
-13 13 -23 11 16 21 -9
1 22 0 9 2 -1 3
6 -12 -13 15 3 -21 8
13 -22 -11 14 1 -1 -3
20 25 25 25 13 -23 -16
23 23 -6 15 -4 -2 1
13 -25 18 18 -16 9 17
21 -11 -19 10 4 -3 -2
-23 6 -18 19 1 3 -25
-15 -17 -6 1 3 -5 0
-7 12 22 3 -18 1 16
-21 -17 -13 12 1 0 5
22 -7 11 17 -9 -18 1
18 -16 -12 14 3 -4 2
-21 -4 6 14 -18 -20 23
21 -12 4 10 1 1 3
3 19 -3 7 -21 17 -5
-20 -3 7 21 -4 3 -5
23 -21 2 8 4 -3 17
-6 15 15 2 4 3 0
-11 -15 0 24 0 -10 -22
-23 12 -15 7 -3 4 0
-21 -20 -8 15 21 25 11
-7 -16 -9 6 5 -3 0
11 -9 24 8 9 6 8
8 -20 -21 6 -1 -5 0
7 12 -3 6 24 -13 7
-18 -20 6 6 1 -4 -1
-6 -22 -23 6 -15 6 24
18 16 -4 9 5 -4 -3
-14 7 4 13 7 24 0
-18 -23 22 23 3 5 4
-16 4 -21 14 -23 4 1
-3 -4 -24 5 2 5 2
-24 -7 -25 7 24 -25 -6
5 16 -23 19 -4 -1 4
18 23 17 15 -13 17 -9
3 -22 18 11 3 -3 -2
-25 -24 -24 18 -16 -2 -21
24 5 23 9 -3 4 0
-11 23 -9 19 17 12 -17
-12 4 3 8 0 -5 -1
12 -11 19 4 -23 17 4
12 -6 -19 6 -1 -3 -1
4 17 3 3 25 -20 7
19 -18 4 22 0 3 3
-22 -12 -18 13 14 14 -11
-13 -23 -17 9 -2 2 -1
17 14 -19 15 -19 18 -5
25 -4 0 7 -1 -1 -5
13 14 18 9 -21 19 -24
5 -10 -5 1 -5 5 -3
24 12 6 10 -6 -12 -25
6 -25 -10 23 1 -2 5
8 9 14 10 -17 4 -9
-10 0 22 7 -1 2 0
-10 17 25 8 -11 3 22
-10 23 23 19 -5 -2 -3
18 24 -21 7 -4 19 -11
-11 21 -20 2 1 1 0
9 -14 -20 21 -19 -3 0
3 -8 -21 12 -4 3 1
11 -15 4 2 -8 -3 4
-15 11 3 6 -4 2 -4
10 -10 -12 2 11 1 -4
-9 5 23 19 -2 0 3
-18 -10 -15 4 -25 -24 -22
0 11 -10 15 3 4 -5
23 -18 -23 10 -1 -6 13
-3 -5 3 16 3 -2 3
22 0 -15 14 8 -8 19
-2 22 14 19 4 0 0
22 -8 -8 7 -21 -3 -7
21 22 -7 14 1 -2 4
-14 14 -7 7 -22 3 25
11 10 -5 4 -5 -4 -5
10 -9 7 2 20 -14 -3
-12 -17 -24 14 4 -3 -3
13 11 -25 7 -8 -16 1
-22 -24 -5 24 -1 5 -3
19 1 7 10 21 -6 -17
-17 24 20 19 -2 5 1
-6 -9 -13 7 -11 2 15
-5 5 -2 5 -2 4 -3
-2 -3 -25 12 6 -10 -25
2 -14 1 12 1 1 -4
-6 -19 21 9 14 9 -2
-5 -5 18 7 -1 1 1
23 -17 -24 24 21 -14 17
2 18 -9 14 -2 1 -1
-23 -17 15 19 9 -14 -14
-2 24 1 22 1 2 4
19 16 -25 8 23 -15 -14
-14 0 14 8 -4 4 -4
0 24 -13 21 0 7 0
-21 -20 13 20 -2 -2 -1
18 12 3 21 15 -23 24
10 11 -12 14 3 -1 -2
-11 21 14 19 -6 -3 -24
21 4 23 2 -5 0 1
-23 -17 -14 9 7 -11 -23
-25 24 11 5 -1 -4 5
22 11 15 3 -17 15 -3
16 1 13 3 -5 -1 3
4 -15 -13 2 16 -23 -14
-19 9 -20 13 -5 -1 2
-12 -5 0 11 -6 -25 -23
-20 -15 -25 14 5 3 5
-19 10 -17 11 11 -12 21
16 23 15 13 -5 -2 -3
-17 24 0 2 -5 12 -10
-18 -15 -3 4 5 -3 2
20 15 6 4 -23 -18 4
13 10 19 14 2 -5 -3
9 -19 -12 13 -6 -22 16
7 -20 6 1 4 3 -2
1 -20 5 4 -3 -22 -1
-14 -20 0 12 5 -1 4
12 -9 4 13 -9 16 23
17 14 23 18 4 -5 -3
-23 -7 19 19 12 13 17
-9 1 -22 4 2 -4 3
17 8 -24 5 -3 24 -6
-22 11 14 9 -2 2 -3
-1 8 -5 4 7 -2 21
-24 24 24 12 3 -2 5
14 24 20 6 -21 3 17
3 19 24 4 5 3 2
9 9 -12 13 -13 16 22
17 2 14 10 -5 1 -5
-23 -11 -4 8 -20 -24 -24
10 -21 -17 13 -1 -3 -1
-15 18 -14 15 18 12 3
-13 6 11 25 -4 -4 2
25 -15 8 6 -19 11 -3
-23 -12 17 4 4 0 3
13 -8 -10 9 24 0 -15
-15 0 -16 17 1 2 -4
-11 0 22 20 14 1 -2
-23 -9 -22 10 1 0 3
-5 -12 16 7 -14 -3 22
13 0 -20 14 -3 2 -4
11 25 25 25 11 2 -18
-25 4 1 25 4 4 -5
8 -10 11 12 7 -17 1
-18 -25 21 8 5 3 2
0 -23 18 6 21 11 3
15 13 21 24 5 5 2
7 -18 -14 14 19 14 19
3 -12 23 17 0 1 -5
-19 4 -25 6 -7 -19 1
-21 -10 -7 15 1 -4 0
-24 20 -14 13 -17 -22 -20
2 -7 -2 11 0 -1 -4
23 -14 -25 16 10 23 -16
14 14 9 13 -5 4 -2
2 -14 -7 18 -16 -15 -19
-19 -13 -6 3 4 -5 2
25 -23 -7 11 -5 -24 -7
-19 -21 -16 23 3 1 4
4 8 9 1 6 16 -21
8 -23 10 10 0 -3 3
-7 -17 -23 9 -10 14 23
17 -5 -11 14 -4 1 -1
3 19 -14 3 13 4 -2
16 25 -6 6 -2 -5 -3
-15 -1 -23 6 -9 -10 -7
-10 12 -25 6 -5 -4 2
18 -6 -20 2 -19 -16 20
9 -11 16 3 -3 -4 5
-3 -9 -16 9 -16 2 -19
23 13 -6 21 3 1 -5
-8 -5 22 18 4 -10 18
9 18 21 4 3 4 -3
-18 -1 8 17 10 4 12
1 -5 -20 7 1 -4 4
7 -13 9 21 11 -3 -1
-2 19 -9 12 -2 -3 -1
16 -17 17 16 -4 0 -5
-20 14 -5 12 3 1 3
22 -8 7 23 -1 2 10
20 -10 6 5 -1 -4 -1
4 -19 -17 11 -15 13 15
25 3 21 18 1 4 2
5 5 -18 21 -24 13 10
-3 -2 -13 20 -2 -3 0
-17 -1 11 4 -3 4 19
-5 -12 -13 21 1 5 1
17 -25 8 9 -21 -3 20
23 -11 -10 5 1 5 -4
-11 8 -7 23 12 19 -11
13 10 -9 6 -4 3 -2
-1 25 -22 8 -17 0 10
-10 -22 7 12 2 -4 -1
-1 -3 -6 3 -20 23 -3
17 24 1 13 -2 4 -1
-6 -15 -1 1 25 -18 -20
-12 8 -4 2 4 -2 -2
4 -13 -7 2 4 -13 -2
-21 -8 -17 6 -4 3 -5
9 6 10 6 -17 -20 18
-16 -16 17 4 2 3 -5
-16 16 -25 23 16 -20 5
0 19 -16 3 -4 -4 1
-2 -20 -21 12 -1 -18 -19
-25 -1 17 15 4 -4 -3
-6 2 4 5 -1 -14 16
1 18 10 8 -4 5 1
-15 -10 19 8 -19 13 24
22 23 -25 21 -2 5 1
-25 0 -23 15 23 22 13
-16 25 18 22 5 -3 2
4 23 -18 7 5 -3 -1
-21 19 10 7 4 -2 5
9 -23 -19 16 -19 12 -19
-22 8 -25 16 -4 4 -4
14 16 25 17 24 11 -1
4 9 -1 15 -5 -1 4
-24 16 -7 9 -13 -4 22
-25 -21 0 15 0 1 -1
-21 9 -15 17 -5 21 -12
-20 -15 23 16 2 -1 4
-1 21 -16 22 -1 22 11
-8 6 7 15 -1 4 0
18 12 -10 14 1 -4 -7
22 6 -3 11 1 3 5
-11 -25 5 1 -9 -4 9
13 23 -18 16 0 3 -2
0 -1 17 4 -3 23 25
5 19 16 19 -5 -5 0
-25 -1 19 9 -11 16 -3
-2 -25 -14 4 -1 -2 -1
14 -10 -14 1 4 13 0
20 7 24 8 5 1 0
5 -11 25 8 -20 -12 9
9 1 17 18 -3 -3 -3
10 -23 -5 8 2 -9 -5
-15 8 9 19 -3 0 3
-24 -23 12 4 23 -11 15
-22 23 11 19 3 1 -1
-4 -17 25 20 22 -24 9
-5 -2 24 10 -5 1 2
-18 -3 -17 23 -21 21 14
20 10 15 6 3 3 0
-2 -8 2 18 -6 -15 -25
-3 6 15 19 -1 -2 1
-22 11 -6 4 8 -9 -15
24 19 -16 6 5 0 -1
-19 20 -20 24 22 21 -17
-12 16 18 12 -1 -2 1
-22 13 1 4 -9 12 -24
-25 21 14 20 -5 2 -5
-7 -3 -21 19 -11 0 -25
-5 24 -7 20 -1 -1 -1
-22 -8 12 17 -24 -16 1
-12 -22 10 9 -5 2 -5
8 7 -25 6 -25 23 -6
6 -7 7 1 -2 -1 3
-11 25 1 8 -5 -21 -16
-11 20 -24 20 -2 -4 -1
-15 -9 17 4 11 -10 21
22 -5 -20 24 -5 -3 3
-11 22 -6 18 22 -16 11
-9 8 23 20 -2 1 3
15 -18 -11 1 -11 20 8
18 5 18 11 -2 5 -2
-4 -12 7 14 -22 -13 -1
24 1 12 2 5 0 2
12 10 16 9 -10 10 -5
-6 -6 8 9 -1 -3 5
15 5 21 16 -17 -9 -19
20 -14 -8 2 5 -4 -5
-25 -18 -22 23 -16 -14 -25
-19 -6 24 19 5 3 3
8 -15 -3 3 -7 24 4
1 -17 -12 2 -4 4 -2
6 17 -4 1 -20 3 15
0 -15 13 22 3 -4 1
2 25 -18 23 -4 15 -5
0 13 21 16 -2 1 5
7 5 -16 8 -18 1 10
0 9 5 13 -5 0 -1
3 18 -18 11 -21 -9 -8
13 -24 25 9 1 -2 3
-1 10 -1 20 8 -9 -9
