22
1 1
1 1 1
10 1
1 10 1 2 3 4 5 6 7 8 9 10
1 2
1 1 1
1 1 1
1 2
1 1 1
2 1 1
1 2
2 1 1
1 1 1
10 2
1 10 1 2 3 4 5 6 7 8 9 10
1 10 1 2 3 4 5 6 7 8 9 10
10 2
1 10 1 2 3 4 5 6 7 8 9 10
2 10 1 2 3 4 5 6 7 8 9 10
10 2
2 10 1 2 3 4 5 6 7 8 9 10
1 10 1 2 3 4 5 6 7 8 9 10
10 10
4 1 5
5 1 3
5 1 10
4 1 2
3 1 6
4 1 9
5 1 8
1 1 1
4 1 7
3 1 4
10 11
1 1 10
1 1 1
1 1 5
1 1 4
1 1 3
1 1 8
1 1 9
1 1 2
1 1 6
1 1 7
20 10 1 2 3 4 5 6 7 8 9 10
10 11
20 10 1 2 3 4 5 6 7 8 9 10
1 1 1
1 1 5
1 1 4
1 1 3
1 1 8
1 1 9
1 1 2
1 1 6
1 1 7
1 1 10
10 11
1 1 8
1 1 1
1 1 5
1 1 4
1 1 3
20 10 1 2 3 4 5 6 7 8 9 10
1 1 9
1 1 2
1 1 6
1 1 7
1 1 10
10 11
1 1 7
1 1 1
1 1 9
1 1 6
1 1 8
1 1 2
1 1 5
1 1 10
1 1 3
1 1 4
10 10 1 2 3 4 5 6 7 8 9 10
10 11
10 10 1 2 3 4 5 6 7 8 9 10
1 1 1
1 1 9
1 1 6
1 1 8
1 1 2
1 1 5
1 1 10
1 1 3
1 1 4
1 1 7
10 11
1 1 2
1 1 1
1 1 9
1 1 6
1 1 8
10 10 1 2 3 4 5 6 7 8 9 10
1 1 5
1 1 10
1 1 3
1 1 4
1 1 7
10 11
1 1 8
1 1 6
1 1 9
1 1 5
1 1 2
1 1 1
1 1 10
1 1 7
1 1 4
1 1 3
5 10 1 2 3 4 5 6 7 8 9 10
10 11
5 10 1 2 3 4 5 6 7 8 9 10
1 1 6
1 1 9
1 1 5
1 1 2
1 1 1
1 1 10
1 1 7
1 1 4
1 1 3
1 1 8
10 11
1 1 1
1 1 6
1 1 9
1 1 5
1 1 2
5 10 1 2 3 4 5 6 7 8 9 10
1 1 10
1 1 7
1 1 4
1 1 3
1 1 8
16 31
2 1 1
2 1 2
2 1 3
2 1 4
2 1 5
2 1 6
2 1 7
2 1 8
2 1 9
2 1 10
2 1 11
2 1 12
2 1 13
2 1 14
2 1 15
2 1 16
4 2 1 2
4 2 3 4
4 2 5 6
4 2 7 8
4 2 9 10
4 2 11 12
4 2 13 14
4 2 15 16
8 4 1 2 3 4
8 4 5 6 7 8
8 4 9 10 11 12
8 4 13 14 15 16
16 8 1 2 3 4 5 6 7 8
16 8 9 10 11 12 13 14 15 16
32 16 1 2 3 4 5 6 7 8 9 10 11 12 13 14 15 16
16 31
2 1 1
2 1 2
2 1 3
2 1 4
2 1 5
2 1 6
2 1 7
2 1 8
2 1 9
2 1 10
2 1 11
2 1 12
2 1 13
2 1 14
2 1 15
2 1 16
4 2 1 2
4 2 3 4
4 2 5 6
4 2 7 8
4 2 9 10
4 2 11 12
4 2 13 14
4 2 15 16
8 4 1 2 3 4
8 4 5 6 7 8
8 4 9 10 11 12
8 4 13 14 15 16
16 8 1 2 3 4 5 6 7 8
16 8 9 10 11 12 13 14 15 16
31 16 1 2 3 4 5 6 7 8 9 10 11 12 13 14 15 16
16 31
2 1 1
2 1 2
2 1 3
2 1 4
2 1 5
2 1 6
2 1 7
2 1 8
2 1 9
2 1 10
2 1 11
2 1 12
2 1 13
2 1 14
2 1 15
2 1 16
4 2 1 2
4 2 3 4
4 2 5 6
4 2 7 8
4 2 9 10
4 2 11 12
4 2 13 14
4 2 15 16
8 4 1 2 3 4
8 4 5 6 7 8
8 4 9 10 11 12
8 4 13 14 15 16
16 8 1 2 3 4 5 6 7 8
16 8 9 10 11 12 13 14 15 16
33 16 1 2 3 4 5 6 7 8 9 10 11 12 13 14 15 16
16 31
2 1 15
32 16 1 2 3 4 5 6 7 8 9 10 11 12 13 14 15 16
8 4 5 13 14 15
2 1 8
2 1 5
4 2 9 11
2 1 14
2 1 13
4 2 5 13
4 2 4 8
1 1 3
2 1 12
4 2 1 2
2 1 9
4 2 6 7
8 4 3 6 7 16
4 2 3 16
2 1 10
2 1 4
2 1 6
2 1 11
8 4 1 2 4 8
16 8 3 5 6 7 13 14 15 16
4 2 14 15
16 8 1 2 4 8 9 10 11 12
4 2 10 12
2 1 2
2 1 7
2 1 1
2 1 16
8 4 9 10 11 12
